from_stop_id,to_stop_id,transfer_type,min_transfer_time
50444,48049,2,60
46939,43118,2,60
46939,43117,2,60
50472,386,2,60
50472,385,2,60
50469,47739,2,60
50469,1547,2,60
50468,40535,2,60
50468,40534,2,60
50467,33124,2,60
50467,11355,2,60
50463,50447,2,60
50463,50446,2,60
48154,41760,2,60
37567,37566,2,60
37565,37564,2,60
50397,50316,2,60
50397,50315,2,60
50450,50449,2,60
50241,50240,2,60
50241,43120,2,60
50241,43119,2,60
50241,42616,2,180
50240,43120,2,60
50240,43119,2,60
50240,42616,2,180
50118,30308,2,60
50118,30307,2,60
50407,50406,2,60
50407,37445,2,60
50407,1015,2,60
50406,37445,2,60
50406,1015,2,60
50405,46688,2,60
50405,2402,2,60
50404,48100,2,60
50403,2702,2,60
50403,2701,2,60
50403,2700,2,60
50403,10068,2,60
50396,50395,2,60
50396,48330,2,60
50396,204,2,60
50395,48330,2,60
50395,204,2,60
50393,46881,2,60
50392,48191,2,60
50392,43648,2,60
50392,3104,2,60
50249,50248,2,60
50249,11215,2,60
50249,10331,2,60
50248,11215,2,60
50248,10331,2,60
50247,50246,2,60
50247,47281,2,60
50247,33525,2,60
50246,47281,2,60
50246,33525,2,60
900,50245,2,60
899,50245,2,60
50245,50244,2,60
900,50244,2,60
899,50244,2,60
50239,50238,2,60
50171,2941,2,60
50171,2940,2,60
48330,204,2,60
50338,50337,2,60
50167,34350,2,60
50166,34350,2,60
50165,34350,2,60
50461,50460,2,60
981,50459,2,60
980,50459,2,60
50459,32342,2,60
50458,1387,2,60
50116,1085,2,60
50116,1084,2,60
2926,2925,2,120
50402,50401,2,60
50402,30388,2,60
50402,30387,2,60
50401,30388,2,60
50401,30387,2,60
50070,48247,2,60
50060,48247,2,60
48338,48247,2,60
581,50447,2,60
579,50447,2,60
50447,50446,2,60
50447,47432,2,60
50447,47384,2,60
581,50446,2,60
579,50446,2,60
50446,47432,2,60
50446,47384,2,60
50409,50408,2,60
50431,39921,2,60
50431,1489,2,60
50432,45378,2,60
50432,43838,2,60
50432,43836,2,60
50432,43835,2,60
50430,50429,2,60
50430,50428,2,60
50430,50260,2,60
50429,50428,2,60
50429,50260,2,60
50428,50260,2,60
50423,10386,2,60
50421,50420,2,60
50421,41737,2,60
50421,33782,2,60
50421,33780,2,60
50421,33779,2,60
50421,33778,2,60
50421,33777,2,60
50421,33775,2,60
50421,33773,2,60
50421,33770,2,60
50421,33769,2,60
50421,33767,2,60
50420,41737,2,60
50420,33782,2,60
50420,33780,2,60
50420,33779,2,60
50420,33778,2,60
50420,33777,2,60
50420,33775,2,60
50420,33773,2,60
50420,33770,2,60
50420,33769,2,60
50420,33767,2,60
48260,11859,2,60
48260,11858,2,60
50253,50252,2,60
50253,43124,2,60
50253,43123,2,60
50252,43124,2,60
50252,43123,2,60
50251,50250,2,60
50131,39997,2,60
50129,39997,2,60
46962,39997,2,60
46961,39997,2,60
46960,39997,2,60
39997,39996,2,60
39997,37274,2,60
39997,37217,2,60
39997,37216,2,60
39997,37170,2,60
39997,37169,2,60
50383,37195,2,60
50383,37194,2,60
50383,36514,2,60
50383,106,2,60
10179,10177,2,120
50342,50339,2,60
50342,46976,2,60
50342,46422,2,60
50342,32962,2,60
50342,1095,2,60
50342,1089,2,60
50342,1087,2,60
50258,50184,2,60
50258,37036,2,60
50258,37035,2,60
50258,36955,2,60
50258,2712,2,60
50258,2711,2,60
50258,10802,2,60
50258,10478,2,60
50290,50289,2,60
50288,50287,2,60
50362,47625,2,60
50361,1026,2,60
50360,47401,2,60
50360,1753,2,60
34109,34108,2,60
454,34108,2,60
453,34108,2,60
48300,40897,2,60
46212,40897,2,60
40897,40896,2,60
50351,44978,2,60
50351,43215,2,60
50351,43214,2,60
50353,48306,2,60
50349,1419,2,60
50349,1418,2,60
50349,1417,2,60
50349,1416,2,60
50339,46976,2,60
50167,50166,2,60
50167,50165,2,60
50167,50141,2,60
50167,50140,2,60
50167,47118,2,180
50167,46191,2,180
50167,44038,2,60
50167,39054,2,60
50167,35954,2,180
50167,35834,2,60
50167,32503,2,60
50167,32502,2,60
50167,2230,2,60
50167,2226,2,60
50167,2206,2,180
50339,1095,2,60
50339,1089,2,60
50339,1087,2,60
50316,50315,2,60
50165,50141,2,60
50165,47118,2,180
50165,46191,2,180
50165,44038,2,60
50165,39054,2,60
50165,35954,2,180
50165,35834,2,60
50165,32503,2,60
50165,32502,2,60
50165,2230,2,60
50165,2226,2,60
50165,2206,2,180
48370,42737,2,180
48353,46050,2,180
48353,42744,2,180
48352,46050,2,180
48352,42744,2,180
48351,46050,2,180
48351,42744,2,180
47904,30158,2,180
47904,30157,2,180
46702,30208,2,180
46702,30207,2,180
46034,40995,2,120
46033,40995,2,120
46032,40841,2,60
46031,40841,2,60
46050,33243,2,180
42744,33243,2,180
30188,11488,2,60
30187,11488,2,240
50318,50317,2,60
50318,47279,2,60
50318,46441,2,60
50317,47279,2,60
50317,46441,2,60
50312,50311,2,60
50310,50309,2,60
50308,1402,2,60
50308,1401,2,60
50307,50306,2,60
50305,50304,2,60
50303,50302,2,60
50301,50300,2,60
50299,50298,2,60
50297,50296,2,60
50285,50284,2,60
50281,33243,2,60
48353,33243,2,60
48352,33243,2,60
48351,33243,2,60
48197,1504,2,60
48190,1504,2,60
48189,1504,2,60
48099,1504,2,60
47914,1504,2,60
47088,2088,2,60
47088,2087,2,60
46702,3035,2,60
46702,3034,2,60
46702,10607,2,60
46310,40841,2,60
46190,40841,2,60
46189,40841,2,60
43226,33243,2,60
43225,33243,2,60
43224,33243,2,60
599,33243,2,120
33243,10945,2,120
1767,10801,2,120
1515,1504,2,120
1513,1504,2,120
1512,1504,2,120
1511,1504,2,120
1509,1504,2,120
1508,1504,2,120
1507,1504,2,120
1505,1504,2,120
599,50281,2,60
50281,48353,2,60
50281,48352,2,60
50281,48351,2,60
50281,43226,2,60
50281,43225,2,60
50215,10637,2,60
48373,48372,2,60
48373,47144,2,60
48373,47007,2,60
48373,1078,2,60
48373,1075,2,60
48372,47144,2,60
48372,47007,2,60
48372,1078,2,60
48372,1075,2,60
48370,46255,2,60
48370,10166,2,60
47904,43454,2,60
47904,10199,2,60
47904,10198,2,60
47059,2904,2,60
47059,11736,2,60
47058,2904,2,60
47058,11736,2,60
2904,11736,2,120
50283,50282,2,60
48186,48185,2,60
50232,50231,2,60
50279,48160,2,60
50279,1906,2,60
50279,1905,2,60
50274,50273,2,60
50195,30413,2,60
50194,43033,2,60
50184,37035,2,60
50184,2712,2,60
50184,2711,2,60
50158,50157,2,60
50158,10618,2,60
50157,10618,2,60
50156,50155,2,60
50154,50153,2,60
50151,50150,2,60
48115,48114,2,60
48112,48111,2,60
48110,48109,2,60
48108,48107,2,60
48106,48105,2,60
45917,45916,2,60
44939,44938,2,60
50213,50212,2,60
50213,46788,2,60
50212,46788,2,60
50212,1377,2,60
50211,50210,2,180
50211,50209,2,180
50211,50208,2,180
50211,50207,2,180
50211,50206,2,180
50211,50205,2,180
50211,50204,2,180
50211,48376,2,60
50211,48375,2,60
50211,44598,2,180
50211,33685,2,180
50166,50165,2,60
50166,50141,2,60
50166,50140,2,60
50166,47118,2,180
50166,46191,2,180
50166,44038,2,60
50166,39054,2,60
50166,35954,2,180
50166,35834,2,60
50166,32503,2,60
50166,32502,2,60
50166,2230,2,60
50166,2226,2,60
50166,2206,2,180
50165,50140,2,60
46976,46422,2,60
46976,32962,2,60
46976,30190,2,180
46976,30189,2,180
46976,1095,2,60
46976,1089,2,60
46976,1087,2,60
50347,41214,2,60
50347,41101,2,60
50341,48430,2,60
50341,10298,2,60
50339,46422,2,60
50339,32962,2,60
50211,11518,2,180
50210,50209,2,60
50210,50207,2,60
50210,50205,2,60
50210,48376,2,180
50210,48375,2,180
50209,50208,2,60
50209,50207,2,60
50209,50206,2,60
50209,50205,2,60
50209,50204,2,60
50209,48376,2,180
50209,48375,2,180
50209,44598,2,60
50209,33685,2,60
50209,11518,2,60
50208,50207,2,60
50208,50205,2,60
50208,48376,2,180
50208,48375,2,180
50207,50206,2,60
50207,50205,2,60
50207,50204,2,60
50207,48376,2,180
50207,48375,2,180
50207,44598,2,60
50207,33685,2,60
50207,11518,2,60
50206,50205,2,60
50206,48376,2,180
50206,48375,2,180
50205,50204,2,60
50205,48376,2,180
50205,48375,2,180
50205,44598,2,60
50205,33685,2,60
50205,11518,2,60
50204,48376,2,180
50204,48375,2,180
48376,48375,2,60
48376,44598,2,180
48376,33685,2,180
48376,11518,2,180
48375,44598,2,180
48375,33685,2,180
48375,11518,2,180
46788,1377,2,60
50210,50204,2,60
50208,50204,2,60
50206,50204,2,60
50204,44598,2,60
50204,33685,2,60
50210,33685,2,60
50210,11518,2,60
50208,50206,2,60
50208,44598,2,60
50208,33685,2,60
50208,11518,2,60
50206,44598,2,60
50206,33685,2,60
50206,11518,2,60
50131,37215,2,60
50129,37215,2,60
50223,35054,2,60
50213,1377,2,60
50201,50200,2,60
599,48352,2,60
48352,48351,2,60
48352,43226,2,60
50281,43224,2,60
50281,10945,2,60
50222,3282,2,60
50221,31353,2,60
50220,500,2,60
50219,11400,2,60
50218,2597,2,60
50217,43920,2,60
50216,46569,2,60
50216,43934,2,60
50216,42954,2,60
50216,1179,2,60
50216,1178,2,60
50215,47110,2,60
50215,46593,2,180
50215,35958,2,180
50215,35957,2,180
50215,35774,2,180
50215,2186,2,180
50215,2185,2,180
50215,11921,2,180
50215,10947,2,60
50215,10946,2,60
50215,10638,2,60
48352,43225,2,60
48352,43224,2,60
48352,10945,2,60
599,48351,2,60
48351,43226,2,60
48351,43225,2,60
48351,43224,2,60
48351,10945,2,60
50131,37217,2,60
50129,37217,2,60
50265,47336,2,60
50265,47335,2,60
50204,11518,2,60
599,48353,2,60
48353,48352,2,60
48353,48351,2,60
48353,43226,2,60
48353,43225,2,60
48353,43224,2,60
48353,10945,2,60
48332,37447,2,60
50210,50208,2,60
50210,50206,2,60
50210,44598,2,60
50123,37754,2,60
50184,37036,2,60
50184,36955,2,60
50184,10802,2,60
50184,10478,2,60
50188,47661,2,60
50188,47660,2,60
50188,1328,2,60
50188,1327,2,60
50181,50120,2,60
50181,1625,2,60
50181,1624,2,60
50120,1625,2,60
50120,1624,2,60
50119,1224,2,60
50119,1223,2,60
48334,48333,2,60
50185,46664,2,180
50185,46132,2,60
50185,46130,2,60
50185,46126,2,60
50185,46125,2,60
50185,46124,2,60
50185,46123,2,60
50185,46122,2,60
50185,46121,2,60
50185,46120,2,60
50185,46067,2,180
50162,11109,2,60
50115,48132,2,60
50180,50179,2,60
50180,41778,2,60
50180,368,2,60
50180,367,2,60
50179,41778,2,60
50179,368,2,60
50179,367,2,60
47690,41198,2,180
47647,41198,2,120
46088,41194,2,240
45884,41194,2,60
45883,41194,2,60
45848,41194,2,60
44038,41194,2,180
46334,41199,2,540
41198,41197,2,60
41198,39998,2,120
41198,36115,2,120
41198,36114,2,120
46025,41194,2,360
46024,41194,2,180
41194,39054,2,240
41194,35834,2,240
41194,35659,2,60
41194,34350,2,240
41194,32503,2,240
41194,32502,2,240
41194,2230,2,240
41194,2226,2,240
41194,32121,2,360
41194,32120,2,360
41194,10324,2,180
41194,10323,2,240
944,32169,2,180
944,32168,2,180
931,46053,2,180
931,42742,2,180
930,46053,2,180
930,42742,2,180
71,70,2,120
661,46059,2,60
661,42736,2,60
644,30225,2,240
644,2369,2,240
644,2367,2,240
644,2364,2,240
644,11544,2,240
644,11058,2,240
644,643,2,120
643,30225,2,240
643,2369,2,240
643,2367,2,240
643,2364,2,240
643,11544,2,240
643,11058,2,240
599,46050,2,180
599,42744,2,180
587,32131,2,60
587,32130,2,60
586,32131,2,60
586,32130,2,60
581,579,2,120
547,32131,2,240
547,32130,2,240
546,32131,2,240
546,32130,2,240
50141,50140,2,60
50141,47118,2,180
50141,46191,2,180
50141,46088,2,60
50141,44038,2,60
50141,39054,2,60
50141,35954,2,180
50141,35834,2,60
50141,34350,2,60
50141,32503,2,60
50141,32502,2,60
50141,2230,2,60
50141,2226,2,60
50141,2206,2,180
50140,47118,2,180
50140,46191,2,180
50140,46088,2,60
50140,44038,2,60
50140,39054,2,60
50140,35954,2,180
50140,35834,2,60
50140,34350,2,60
50140,32503,2,60
50140,32502,2,60
50140,2230,2,60
50140,2226,2,60
50140,2206,2,180
50131,50129,2,60
50131,46962,2,60
50131,46961,2,60
50131,46960,2,60
50131,39996,2,60
50131,37274,2,60
50131,37216,2,60
50131,37170,2,60
50131,37169,2,60
50129,46962,2,60
50129,46961,2,60
50129,46960,2,60
50129,39996,2,60
50129,37274,2,60
48139,48121,2,60
48099,47914,2,60
48099,46061,2,180
48099,46060,2,180
48099,1515,2,60
48099,1513,2,60
48099,1512,2,60
48099,1511,2,60
48099,1509,2,60
48099,1508,2,60
48099,1507,2,60
48099,1505,2,60
48139,48098,2,60
48139,48097,2,60
48139,48096,2,60
48139,48089,2,60
48139,48088,2,60
48139,48087,2,60
47987,2176,2,60
47914,46061,2,180
47914,46060,2,180
47914,1515,2,60
47914,1513,2,60
47914,1512,2,60
47914,1511,2,60
47914,1509,2,60
47914,1508,2,60
47914,1507,2,60
47914,1505,2,60
47868,39391,2,180
47868,39390,2,180
47690,46206,2,180
47690,41197,2,180
47690,35676,2,180
47685,46962,2,240
47685,46961,2,240
47685,46960,2,180
47685,46526,2,120
47685,41196,2,120
47685,41195,2,120
47685,39996,2,180
47685,37274,2,180
47685,37216,2,120
47685,37170,2,120
47685,37169,2,120
47685,36434,2,180
47685,36394,2,180
47685,35669,2,120
47685,35668,2,120
47647,46206,2,120
47647,41197,2,120
47647,35676,2,120
47600,30186,2,180
47600,30185,2,180
47595,47296,2,120
47595,47295,2,120
47595,30552,2,60
47545,32125,2,180
47545,32124,2,180
47545,30551,2,60
579,47432,2,60
47424,39407,2,180
47424,39406,2,180
47418,46526,2,180
47418,41196,2,180
47418,41195,2,180
47418,35669,2,180
47418,35668,2,180
47684,47402,2,120
579,47384,2,60
47378,47377,2,60
47339,45261,2,180
47339,45260,2,180
47323,47306,2,60
47323,47305,2,60
47310,47309,2,60
47310,32161,2,180
47310,32160,2,180
47309,32161,2,180
47309,32160,2,180
47308,47307,2,60
47306,47305,2,60
47304,47303,2,60
47302,47301,2,60
47300,47299,2,60
47298,47297,2,60
47298,39381,2,60
47298,39380,2,60
47297,39381,2,60
47297,39380,2,60
47296,47295,2,60
47294,47293,2,60
47292,47291,2,60
47290,47289,2,60
47287,46310,2,180
47287,46190,2,180
47287,46189,2,180
47287,46160,2,60
47287,46159,2,60
47287,46032,2,180
47287,46031,2,180
47236,30206,2,180
47236,30205,2,180
47298,47213,2,120
47297,47213,2,120
47213,39381,2,180
47213,39380,2,180
47118,32121,2,180
47118,32120,2,180
47112,46052,2,120
47112,42743,2,120
47112,30156,2,120
47084,45862,2,180
47084,45861,2,180
47084,1889,2,60
47072,39393,2,180
47072,39392,2,180
47004,32123,2,180
47004,32122,2,180
46962,46526,2,180
46962,41196,2,180
46962,41195,2,180
46962,36394,2,180
46962,35669,2,180
46962,35668,2,180
46961,46526,2,180
46961,41196,2,180
46961,41195,2,180
46961,36394,2,180
46961,35669,2,180
46961,35668,2,180
46960,46526,2,180
46960,41196,2,180
46960,41195,2,180
46960,36394,2,180
46960,35669,2,180
46960,35668,2,180
46664,46036,2,480
46664,46035,2,480
47684,46659,2,120
46645,46055,2,240
46645,42740,2,240
46645,32127,2,180
46645,32126,2,180
46645,30472,2,120
46644,46055,2,120
46644,42740,2,120
46644,32127,2,120
46644,32126,2,120
46644,30472,2,180
46642,46055,2,120
46642,42740,2,120
46642,32127,2,60
46642,32126,2,60
46642,30472,2,120
46530,46529,2,60
46526,41196,2,60
46526,41195,2,60
46526,39996,2,120
46526,37274,2,120
46526,37216,2,120
46526,37170,2,60
46526,37169,2,120
46526,36434,2,180
46526,36394,2,180
46526,35669,2,60
46526,35668,2,60
46191,32120,2,180
46190,46032,2,120
46190,46031,2,120
46189,46032,2,120
46189,46031,2,120
46175,32119,2,180
46175,32118,2,180
46190,46160,2,120
46189,46160,2,120
46160,46159,2,60
46160,46032,2,180
46160,46031,2,180
46190,46159,2,120
46189,46159,2,120
46159,46032,2,180
46159,46031,2,180
46158,46157,2,60
46156,46155,2,60
46156,39037,2,180
46156,2350,2,180
46155,39037,2,180
46155,2350,2,180
46154,35094,2,60
46154,2545,2,120
46154,2543,2,120
46154,2542,2,120
46154,2541,2,120
46151,32119,2,180
46151,32118,2,180
46088,46025,2,180
46088,46024,2,180
46088,45884,2,360
46088,45883,2,240
46088,45848,2,360
46088,35659,2,240
46088,32121,2,180
46088,32120,2,180
46067,46036,2,360
46067,46035,2,360
46055,42740,2,60
46051,44598,2,180
46051,33685,2,180
46051,30202,2,60
46051,30201,2,180
46051,30103,2,180
46051,11518,2,180
46040,30198,2,60
46040,30197,2,120
46040,30133,2,120
46040,2702,2,120
46040,2701,2,60
46040,2700,2,120
46040,10068,2,120
46132,46036,2,120
46130,46036,2,120
46126,46036,2,120
46125,46036,2,120
46124,46036,2,120
46123,46036,2,120
46122,46036,2,120
46121,46036,2,120
46120,46036,2,120
46132,46035,2,120
46130,46035,2,120
46126,46035,2,120
46125,46035,2,120
46124,46035,2,120
46123,46035,2,120
46122,46035,2,120
50129,37216,2,60
50129,37170,2,60
50129,37169,2,60
50117,1415,2,60
50117,1414,2,60
50111,48387,2,60
50107,48324,2,60
50107,2936,2,60
50107,2935,2,60
50107,11305,2,60
50100,3016,2,60
50100,3015,2,60
50091,1955,2,60
50091,1954,2,60
50073,10037,2,60
50059,46401,2,60
48359,48358,2,60
48357,48356,2,60
48343,46645,2,60
48343,46644,2,60
48343,46642,2,180
48343,46055,2,180
48343,435,2,60
48343,434,2,60
48343,42740,2,180
48343,32127,2,180
48343,32126,2,180
48343,30472,2,180
48343,11810,2,60
48342,48341,2,60
48336,46059,2,180
48336,42736,2,180
48332,2026,2,60
48324,2936,2,60
48197,48099,2,60
48197,47914,2,60
48197,46061,2,180
48197,46060,2,180
48190,48099,2,60
48190,47914,2,60
48190,46061,2,180
48190,46060,2,180
48189,48099,2,60
48189,47914,2,60
48189,46061,2,180
48189,46060,2,180
48182,48139,2,180
48182,48138,2,180
48161,30188,2,180
48161,30187,2,180
48160,1906,2,60
48160,1905,2,60
48151,48139,2,60
48151,48138,2,60
48138,48121,2,60
48138,48098,2,60
48138,48097,2,60
48138,48096,2,60
48138,48089,2,60
48138,48088,2,60
48138,48087,2,60
48137,2157,2,120
48137,2156,2,120
48137,12105,2,120
48137,48136,2,60
48136,2157,2,120
48136,2156,2,120
48136,12105,2,120
46121,46035,2,120
46120,46035,2,120
46036,46035,2,120
46034,46033,2,180
46030,41975,2,180
46030,41974,2,180
46030,31663,2,180
46030,11751,2,180
46030,11750,2,180
46024,45884,2,360
45884,45883,2,60
45884,45848,2,60
45884,44038,2,180
45884,39054,2,360
45884,35834,2,360
45884,35659,2,60
45884,34350,2,360
45884,32503,2,360
45884,32502,2,360
45884,2230,2,360
45884,2226,2,360
46025,45883,2,360
46024,45883,2,180
45883,45848,2,60
45883,44038,2,180
45883,39054,2,240
45883,35834,2,240
45883,35659,2,60
45883,34350,2,240
45883,32503,2,240
45883,32502,2,240
45883,32121,2,360
45883,32120,2,360
45883,2230,2,240
45883,2226,2,240
45870,45869,2,60
45864,45863,2,60
45862,45861,2,60
46024,45848,2,360
45848,44038,2,180
45848,39054,2,360
45848,35834,2,360
45848,35659,2,60
45848,34350,2,360
45848,32503,2,360
45848,32502,2,360
45848,2230,2,360
45848,2226,2,360
45862,45822,2,180
45861,45822,2,180
45822,1889,2,60
45804,30183,2,180
45271,45270,2,60
45271,32962,2,180
45271,32157,2,60
45271,32156,2,60
45271,30190,2,180
45271,30189,2,180
45271,1095,2,180
45271,1089,2,180
45271,1087,2,180
45270,32962,2,180
45270,32157,2,60
45270,30190,2,180
45270,30189,2,180
45270,1095,2,180
45270,1089,2,180
45270,1087,2,180
45774,45266,2,180
45773,45266,2,180
45769,45266,2,180
45768,45266,2,180
45767,45266,2,180
45266,45265,2,60
45774,45265,2,180
45773,45265,2,180
45769,45265,2,180
45768,45265,2,180
45767,45265,2,180
45263,45262,2,60
45263,11276,2,180
45263,11275,2,180
45262,11276,2,180
45262,11275,2,180
45766,45261,2,180
45764,45261,2,180
45261,45260,2,60
45766,45260,2,180
45764,45260,2,180
44978,32173,2,180
44978,32172,2,180
44598,30201,2,180
44598,30103,2,180
46025,44038,2,180
46024,44038,2,180
44038,35659,2,180
44038,32121,2,180
44038,32120,2,180
39381,39380,2,60
40016,39380,2,180
39898,39379,2,180
39379,39378,2,60
39379,3466,2,180
39898,39378,2,180
39378,3466,2,180
40014,39377,2,180
39895,39377,2,180
39894,39377,2,180
39377,39376,2,60
40014,39376,2,180
39895,39376,2,180
39894,39376,2,180
46025,39054,2,180
46024,39054,2,180
39054,35659,2,240
39054,32121,2,180
39054,32120,2,180
644,39014,2,180
643,39014,2,180
45862,38834,2,180
45861,38834,2,180
38834,1889,2,60
38299,30185,2,180
37445,30445,2,180
45862,37408,2,180
45861,37408,2,180
37408,1889,2,60
37399,30206,2,60
37399,30205,2,180
37301,30447,2,180
37295,30447,2,180
37275,30447,2,180
37195,32153,2,180
37195,32152,2,180
37194,32153,2,180
37194,32152,2,180
36514,32153,2,180
36514,32152,2,180
37274,36394,2,180
37216,36394,2,180
37170,36394,2,180
37169,36394,2,180
46025,35834,2,180
46024,35834,2,180
35834,35659,2,240
35834,32121,2,240
35834,32120,2,360
46422,45271,2,180
46422,45270,2,180
46422,32157,2,180
46422,32156,2,180
46422,30190,2,180
46422,30189,2,180
46402,46401,2,60
46310,46160,2,180
46310,46159,2,180
46310,46032,2,120
46310,46031,2,120
46270,30448,2,180
46270,30447,2,180
46269,30448,2,180
46269,30447,2,180
46255,46058,2,120
46255,42737,2,120
46206,39998,2,120
46206,36115,2,180
46206,36114,2,180
46206,35676,2,60
46191,32121,2,180
36115,35676,2,180
36114,35676,2,180
35675,35674,2,60
36095,35673,2,180
36094,35673,2,180
35673,35672,2,60
36095,35672,2,180
36094,35672,2,180
44418,35671,2,180
35671,35670,2,60
35671,2743,2,180
35671,2742,2,180
35671,10490,2,180
44418,35670,2,180
35670,2743,2,180
35670,2742,2,180
35670,10490,2,180
39996,35669,2,120
37274,35669,2,120
37216,35669,2,120
37170,35669,2,60
37169,35669,2,120
36434,35669,2,120
36394,35669,2,120
35669,35668,2,60
39996,35668,2,120
37274,35668,2,120
37216,35668,2,120
37170,35668,2,60
37169,35668,2,120
36434,35668,2,120
36394,35668,2,120
35667,35666,2,60
35667,32303,2,120
35667,32302,2,120
35666,32303,2,120
35666,32302,2,120
35665,35664,2,60
43124,35663,2,120
43123,35663,2,120
35663,35662,2,60
43124,35662,2,120
43123,35662,2,120
35661,35660,2,60
35661,11501,2,180
35661,11500,2,180
35661,10130,2,180
35661,10129,2,180
35660,11501,2,180
35660,11500,2,180
35660,10130,2,180
35660,10129,2,180
46025,35659,2,360
46024,35659,2,180
35094,2545,2,120
35094,2543,2,120
35094,2542,2,120
35094,2541,2,120
46052,3503,2,240
42743,3503,2,240
3503,30156,2,240
45378,34875,2,420
43838,34875,2,420
43836,34875,2,180
43835,34875,2,180
45378,34874,2,420
43838,34874,2,420
43836,34874,2,180
43835,34874,2,180
34837,34836,2,60
34835,34834,2,60
34835,2934,2,180
34835,2933,2,180
34834,2934,2,180
34834,2933,2,180
34416,30448,2,180
34416,30447,2,180
46025,34350,2,180
46024,34350,2,180
35659,34350,2,360
34350,32121,2,240
34350,32120,2,360
3434,30206,2,240
3434,30205,2,240
34005,30210,2,240
34005,30209,2,240
33947,30184,2,180
33947,30183,2,180
33845,30184,2,180
33845,30183,2,180
3378,30159,2,240
33685,30202,2,180
33685,30201,2,180
33685,30103,2,180
33545,32111,2,180
33545,32110,2,180
33545,30200,2,180
33545,30199,2,180
46054,3333,2,120
42741,3333,2,120
33265,33264,2,120
33265,30211,2,180
33265,10386,2,180
33264,30211,2,180
34434,33214,2,180
34433,33214,2,180
33214,33213,2,120
37847,33213,2,180
34535,33213,2,180
34434,33213,2,180
34433,33213,2,180
3336,33212,2,180
33212,33211,2,120
33212,2869,2,180
33212,2868,2,180
3336,33211,2,180
33211,2869,2,180
33211,2868,2,180
33210,33209,2,120
33210,3132,2,120
33210,3131,2,120
33209,3132,2,120
33209,3131,2,120
33208,33207,2,120
33206,33205,2,120
43028,33204,2,180
43027,33204,2,180
33204,33203,2,120
43028,33203,2,180
43027,33203,2,180
3297,32113,2,120
3297,32112,2,120
32962,32157,2,180
32962,32156,2,180
32962,30190,2,240
32962,30189,2,240
32782,32153,2,240
32782,32152,2,240
32782,32151,2,240
32782,32150,2,240
32682,30206,2,240
32682,30205,2,240
46025,32503,2,180
46024,32503,2,180
35659,32503,2,360
32503,32121,2,240
32503,32120,2,360
46025,32502,2,180
46024,32502,2,180
35659,32502,2,360
32502,32121,2,240
32502,32120,2,360
46029,32482,2,180
46028,32482,2,180
32482,32143,2,180
32482,32142,2,180
46029,32404,2,180
46028,32404,2,180
32404,32143,2,180
32404,32142,2,180
32299,32169,2,180
32299,32168,2,180
32263,32107,2,180
32263,32106,2,180
32175,32174,2,120
32173,32172,2,120
32171,32170,2,120
32169,32168,2,120
32167,32166,2,120
32165,32164,2,120
32163,32162,2,120
32161,32160,2,120
32159,32158,2,120
32157,30190,2,180
32157,30189,2,180
45270,32156,2,60
32157,32156,2,60
32156,30190,2,180
32156,30189,2,180
32155,32154,2,120
32153,32152,2,120
32151,32150,2,120
39455,32149,2,180
39454,32149,2,180
32149,32148,2,120
39455,32148,2,180
39454,32148,2,180
32147,32146,2,120
39921,32145,2,240
32145,32144,2,120
44018,32131,2,240
44018,32130,2,240
46055,435,2,240
435,42740,2,240
435,30472,2,120
43454,30158,2,180
43454,30157,2,180
46055,434,2,240
434,42740,2,240
434,30472,2,120
46050,43226,2,180
43226,42744,2,180
46050,43225,2,180
43225,42744,2,180
46050,43224,2,180
43224,42744,2,180
43215,32173,2,180
43215,32172,2,180
43214,32173,2,180
43214,32172,2,180
43022,32583,2,180
43022,32582,2,180
43021,32583,2,180
43021,32582,2,180
71,42679,2,60
46526,42540,2,360
42540,41196,2,360
42540,41195,2,360
42540,35669,2,360
42540,35668,2,360
42236,30159,2,180
42235,30159,2,180
42214,30159,2,180
41995,30159,2,180
41994,30159,2,180
41737,32102,2,180
41737,30459,2,180
41736,30209,2,180
41735,30209,2,180
41734,30209,2,180
41197,39998,2,120
41197,36115,2,120
41197,36114,2,120
41196,41195,2,60
41196,39996,2,120
41196,37274,2,120
41196,37216,2,120
41196,37170,2,60
41196,37169,2,120
41196,36434,2,120
41196,36394,2,120
41196,35669,2,60
41196,35668,2,60
41195,39996,2,120
41195,37274,2,120
41195,37216,2,120
41195,37170,2,60
41195,37169,2,120
41195,36434,2,120
41195,36394,2,120
41195,35669,2,60
41195,35668,2,60
40115,30447,2,180
40036,30447,2,180
47298,40016,2,120
47297,40016,2,120
39998,35676,2,120
39996,36394,2,180
39976,30447,2,180
46526,39938,2,360
41196,39938,2,360
41195,39938,2,360
39938,35669,2,360
39938,35668,2,360
46526,39937,2,360
41196,39937,2,360
41195,39937,2,360
39937,35669,2,360
39937,35668,2,360
39936,10796,2,60
39474,30206,2,120
39474,30205,2,180
43917,39434,2,180
39942,39434,2,180
39941,39434,2,180
39920,39434,2,180
39919,39434,2,180
43917,39413,2,180
39942,39413,2,180
39941,39413,2,180
39920,39413,2,180
39919,39413,2,180
39411,39410,2,60
39409,39408,2,60
39409,1162,2,180
39409,1161,2,180
39408,1162,2,180
39408,1161,2,180
39975,39407,2,180
39974,39407,2,180
39407,39406,2,60
39975,39406,2,180
39974,39406,2,180
39405,39404,2,60
39950,39403,2,180
39949,39403,2,180
39403,39402,2,60
39950,39402,2,180
39949,39402,2,180
39401,39400,2,60
39399,39398,2,60
39917,39395,2,180
39534,39395,2,180
39395,39394,2,60
39917,39394,2,180
39534,39394,2,180
39914,39393,2,180
39393,39392,2,60
39914,39392,2,180
40222,39391,2,180
40179,39391,2,180
40135,39391,2,180
39391,39390,2,60
40222,39390,2,180
40179,39390,2,180
40135,39390,2,180
40115,39389,2,180
40036,39389,2,180
39389,39388,2,60
39389,37301,2,180
39389,37295,2,180
39389,30448,2,180
39389,30447,2,180
40115,39388,2,180
40036,39388,2,180
39388,37301,2,180
39388,37295,2,180
39388,30448,2,180
39388,30447,2,180
43307,39387,2,180
39387,39386,2,60
39387,1321,2,180
39387,1320,2,180
43307,39386,2,180
39386,1321,2,180
39386,1320,2,180
874,39383,2,180
873,39383,2,180
39383,39382,2,60
874,39382,2,180
873,39382,2,180
40016,39381,2,180
32145,1489,2,240
39921,32144,2,240
32144,1489,2,240
46029,32143,2,180
46028,32143,2,180
32143,32142,2,120
46029,32142,2,180
46028,32142,2,180
32141,32140,2,120
42677,32137,2,180
33909,32137,2,180
42677,32136,2,180
33909,32136,2,180
32135,32134,2,120
32133,32132,2,120
32131,32130,2,120
42558,32129,2,240
42557,32129,2,240
32129,32128,2,120
42558,32128,2,240
42557,32128,2,240
46055,32127,2,180
435,32127,2,180
434,32127,2,180
42740,32127,2,120
32127,32126,2,120
32127,30472,2,120
32127,11810,2,180
46055,32126,2,180
435,32126,2,180
434,32126,2,180
42740,32126,2,120
32126,30472,2,120
32126,11810,2,180
46023,32125,2,300
46022,32125,2,300
32125,32124,2,120
46023,32124,2,300
46022,32124,2,300
32123,32122,2,120
46025,32121,2,120
46024,32121,2,120
35659,32121,2,360
32121,32120,2,60
46025,32120,2,120
46024,32120,2,120
35659,32120,2,360
32119,32118,2,120
46027,32117,2,180
46026,32117,2,180
32117,32116,2,120
32117,32002,2,120
46027,32116,2,180
46026,32116,2,180
32116,32002,2,120
32115,32114,2,120
32113,32112,2,120
32111,32110,2,120
32109,32108,2,120
32107,32106,2,120
32105,32104,2,120
41737,32103,2,180
33782,32103,2,180
33780,32103,2,180
33779,32103,2,180
33778,32103,2,180
33777,32103,2,180
33775,32103,2,180
33773,32103,2,180
33770,32103,2,180
33769,32103,2,180
33767,32103,2,180
33782,32102,2,240
33780,32102,2,240
33779,32102,2,240
33778,32102,2,240
33777,32102,2,240
33775,32102,2,240
33773,32102,2,240
33770,32102,2,240
33769,32102,2,240
33767,32102,2,240
32103,32102,2,60
32102,30459,2,120
32102,30101,2,180
32131,31864,2,60
32130,31864,2,60
32145,3156,2,120
32144,3156,2,120
47296,3151,2,120
47295,3151,2,120
3151,30552,2,120
32153,31402,2,240
32152,31402,2,240
32151,31402,2,240
32150,31402,2,240
32147,3128,2,60
32146,3128,2,60
30575,30206,2,240
30575,30205,2,240
30574,30206,2,240
30574,30205,2,240
47296,30553,2,60
47295,30553,2,60
47296,30552,2,60
47295,30552,2,60
30553,30552,2,120
32125,30551,2,60
32124,30551,2,60
30507,30206,2,240
30507,30205,2,240
30211,10386,2,180
30206,10332,2,240
30205,10332,2,240
46630,10324,2,240
45884,10324,2,180
45883,10324,2,180
45848,10324,2,180
35659,10324,2,180
46630,10323,2,240
45884,10323,2,240
45883,10323,2,240
45848,10323,2,240
35659,10323,2,240
30206,10252,2,240
30205,10252,2,240
30158,10199,2,120
30157,10199,2,120
30158,10198,2,120
30157,10198,2,120
30192,10191,2,60
30191,10191,2,60
30186,10188,2,60
30185,10188,2,60
30186,10185,2,60
30185,10185,2,60
46058,10166,2,60
42737,10166,2,60
30446,1015,2,180
30445,1015,2,180
32167,10148,2,60
32166,10148,2,60
32167,10147,2,60
32166,10147,2,60
30210,1012,2,240
30209,1012,2,240
32583,10084,2,300
32582,10084,2,300
30198,10068,2,120
30197,10068,2,60
30133,10068,2,120
999,1000,2,120
990,989,2,120
99,98,2,120
985,984,2,120
981,980,2,120
977,976,2,120
97,96,2,120
963,962,2,120
95,94,2,120
943,942,2,120
933,932,2,120
931,930,2,120
93,92,2,120
926,925,2,120
913,912,2,120
91,10169,2,120
911,910,2,120
91,90,2,120
908,907,2,120
904,903,2,120
90,10169,2,120
900,899,2,120
898,897,2,120
89,88,2,120
887,30561,2,120
886,885,2,120
874,873,2,120
856,854,2,120
856,853,2,120
854,853,2,120
849,11222,2,120
849,10304,2,120
849,10247,2,120
33264,10386,2,180
43022,33222,2,180
43021,33222,2,180
33222,10084,2,180
34412,33221,2,180
34411,33221,2,180
34412,33219,2,180
34411,33219,2,180
33218,33217,2,120
34536,33216,2,180
34394,33216,2,180
33216,33215,2,120
34536,33215,2,180
34394,33215,2,180
37847,33214,2,180
34535,33214,2,180
849,848,2,300
848,11222,2,120
848,10304,2,300
848,10247,2,120
847,846,2,120
843,842,2,120
836,30256,2,120
836,11006,2,120
836,835,2,120
835,30256,2,120
835,11006,2,120
836,834,2,120
835,834,2,120
834,30256,2,120
834,11006,2,120
833,832,2,120
829,828,2,120
824,823,2,120
818,817,2,120
816,815,2,120
814,813,2,120
810,44818,2,900
808,807,2,120
808,806,2,120
807,806,2,120
808,805,2,120
807,805,2,120
806,805,2,120
801,10502,2,120
801,10501,2,120
789,788,2,120
779,778,2,120
78,77,2,120
772,30391,2,120
771,770,2,120
764,763,2,120
760,759,2,120
752,751,2,120
726,725,2,120
726,721,2,120
725,721,2,120
726,720,2,120
725,720,2,120
721,720,2,120
717,716,2,120
714,10289,2,120
710,709,2,120
708,707,2,120
702,701,2,120
700,699,2,120
698,10591,2,120
696,11839,2,120
696,11838,2,120
696,695,2,120
695,11839,2,120
695,11838,2,120
694,693,2,120
688,687,2,120
664,663,2,120
660,659,2,120
658,657,2,120
66,65,2,120
656,10007,2,120
656,10006,2,120
656,655,2,120
655,10007,2,120
655,10006,2,120
648,647,2,120
640,639,2,120
636,635,2,120
632,631,2,120
626,625,2,120
624,623,2,120
622,621,2,120
620,619,2,120
612,611,2,120
6,10526,2,120
599,10945,2,120
593,592,2,120
589,588,2,120
587,31864,2,120
587,586,2,120
586,31864,2,120
584,583,2,120
577,576,2,120
575,574,2,120
573,572,2,120
567,566,2,120
564,12280,2,180
564,563,2,180
563,12280,2,180
562,561,2,120
6,5,2,120
560,559,2,120
556,3427,2,120
556,3426,2,120
556,555,2,120
555,3427,2,120
555,3426,2,120
554,553,2,120
551,550,2,120
547,546,2,120
540,539,2,120
534,533,2,120
532,531,2,120
530,529,2,120
525,524,2,120
522,521,2,120
520,519,2,120
516,515,2,120
5,10526,2,120
509,508,2,120
51,50,2,180
502,501,2,120
50088,48340,2,60
50087,50086,2,60
50085,46193,2,60
50084,48066,2,60
50083,48065,2,60
50083,222,2,60
48389,48388,2,60
48385,47479,2,60
48385,11949,2,60
48384,43915,2,60
48384,11856,2,60
48349,48348,2,60
48349,48238,2,60
48349,48237,2,60
48348,48238,2,60
48348,48237,2,60
484,483,2,120
48338,3092,2,60
48338,3091,2,60
48337,11332,2,60
48337,11331,2,60
661,48336,2,60
30506,30206,2,240
30506,30205,2,240
46055,30472,2,120
42740,30472,2,60
33782,30459,2,240
33780,30459,2,240
33779,30459,2,240
33778,30459,2,240
33777,30459,2,240
33775,30459,2,240
33773,30459,2,240
33770,30459,2,240
33769,30459,2,240
33767,30459,2,240
32103,30459,2,120
30448,30447,2,120
30446,30445,2,120
32107,30377,2,180
32106,30377,2,180
45870,30366,2,180
45869,30366,2,180
3035,30208,2,300
3035,30207,2,300
3034,30208,2,300
3034,30207,2,300
30213,30212,2,120
30210,30209,2,120
30208,30207,2,120
30206,30205,2,120
30202,30201,2,60
32111,30200,2,180
32110,30200,2,180
32111,30199,2,180
32110,30199,2,180
30200,30199,2,120
30198,30197,2,60
30194,30193,2,120
30192,30191,2,120
30190,30189,2,120
30188,30187,2,120
30186,30185,2,120
30184,30183,2,120
30158,30157,2,120
30210,30137,2,240
30209,30137,2,240
30210,30136,2,240
30209,30136,2,240
30198,30133,2,60
46061,1512,2,180
46060,1512,2,180
46061,1511,2,180
46060,1511,2,180
46061,1509,2,180
46060,1509,2,180
46061,1508,2,180
46060,1508,2,180
46061,1507,2,180
46060,1507,2,180
46061,1505,2,180
46060,1505,2,180
46630,1474,2,120
46630,1473,2,120
46029,1253,2,180
46028,1253,2,180
32143,1253,2,180
32142,1253,2,180
46029,1252,2,180
46028,1252,2,180
32143,1252,2,180
32142,1252,2,180
46029,1248,2,180
46028,1248,2,180
32143,1248,2,180
32142,1248,2,180
46029,12314,2,180
46028,12314,2,180
32143,12314,2,180
32142,12314,2,180
30210,12275,2,240
30209,12275,2,240
30210,12273,2,240
30209,12273,2,240
30210,12272,2,240
30209,12272,2,240
30210,12266,2,240
30209,12266,2,240
30210,12265,2,240
30209,12265,2,240
30210,12120,2,240
30209,12120,2,240
30210,12045,2,240
30209,12045,2,240
46052,1192,2,240
42743,1192,2,240
30156,1192,2,240
46052,1191,2,240
42743,1191,2,240
30156,1191,2,240
46055,11810,2,180
42740,11810,2,180
30472,11810,2,60
32165,11713,2,180
32164,11713,2,180
30202,11518,2,180
30201,11518,2,180
30103,11518,2,180
30194,11504,2,180
30193,11504,2,180
11499,11498,2,120
30186,11491,2,60
30185,11491,2,60
30184,11392,2,120
30183,11392,2,180
30184,11323,2,120
30183,11323,2,180
30184,11322,2,120
30183,11322,2,180
30184,11321,2,120
30183,11321,2,180
30448,11315,2,120
30447,11315,2,120
30186,11292,2,60
30185,11292,2,60
30186,11231,2,60
30185,11231,2,60
46027,1122,2,180
46026,1122,2,180
32115,1122,2,120
32114,1122,2,120
46027,1121,2,180
46026,1121,2,180
32115,1121,2,120
32114,1121,2,120
46027,1120,2,180
46026,1120,2,180
32115,1120,2,120
32114,1120,2,120
32157,1095,2,180
32156,1095,2,180
30190,1095,2,240
30189,1095,2,240
46050,10945,2,180
42744,10945,2,180
32157,1089,2,180
32156,1089,2,180
30190,1089,2,240
30189,1089,2,240
32157,1087,2,180
32156,1087,2,180
30190,1087,2,240
30189,1087,2,240
10797,10796,2,120
10788,10787,2,120
46049,10698,2,60
42745,10698,2,60
32111,10697,2,120
32110,10697,2,120
30200,10697,2,180
30199,10697,2,180
32111,10696,2,120
32110,10696,2,120
30200,10696,2,180
30199,10696,2,180
32153,106,2,60
32152,106,2,60
30206,1061,2,240
30205,1061,2,240
30208,10607,2,300
30207,10607,2,300
30206,1059,2,240
30205,1059,2,240
30206,10567,2,240
30205,10567,2,240
30206,10566,2,240
30205,10566,2,240
46156,10477,2,120
46155,10477,2,120
46156,10476,2,120
46155,10476,2,120
48326,47639,2,60
48325,48267,2,60
48324,2935,2,60
48324,11305,2,60
48323,1565,2,60
48322,48321,2,60
48322,10244,2,60
48322,10243,2,60
48321,10244,2,60
48321,10243,2,60
48320,2378,2,60
48309,48172,2,60
48308,45218,2,60
48307,10219,2,60
48301,46877,2,60
48301,46876,2,60
48300,46212,2,60
48300,40896,2,60
48274,43304,2,60
48274,43303,2,60
943,48271,2,60
942,48271,2,60
954,48268,2,60
48257,48256,2,60
48257,42549,2,60
48257,42548,2,60
48256,42549,2,60
48256,42548,2,60
48253,48252,2,60
48253,33063,2,60
48253,33062,2,60
48252,33063,2,60
48252,33062,2,60
48251,48250,2,60
484,482,2,120
483,482,2,120
48246,47499,2,60
48238,48237,2,60
48236,48235,2,60
48232,48231,2,60
48230,48229,2,60
48220,48219,2,60
48218,48217,2,60
48216,48215,2,60
48212,48211,2,60
48202,48201,2,60
48202,474,2,60
48202,473,2,60
48201,474,2,60
48201,473,2,60
48200,48199,2,60
48197,48190,2,60
48197,48189,2,60
48197,1515,2,60
48197,1513,2,60
48197,1512,2,60
48197,1511,2,60
48197,1509,2,60
48197,1508,2,60
48197,1507,2,60
48197,1505,2,60
48191,43648,2,60
48191,3104,2,60
48190,48189,2,60
48190,1515,2,60
48190,1513,2,60
48190,1512,2,60
48190,1511,2,60
48190,1509,2,60
48190,1508,2,60
48190,1507,2,60
48190,1505,2,60
48189,1515,2,60
48189,1513,2,60
48189,1512,2,60
48189,1511,2,60
48189,1509,2,60
48189,1508,2,60
48189,1507,2,60
48189,1505,2,60
48183,134,2,60
48183,131,2,60
48183,130,2,60
48182,48151,2,60
48182,48121,2,60
48182,48098,2,60
48182,48097,2,60
48182,48096,2,60
619,48173,2,180
48173,3352,2,60
48171,48170,2,60
48169,48168,2,60
48166,48165,2,60
48164,48163,2,60
48164,2985,2,60
48164,10547,2,60
48163,2985,2,60
48163,10547,2,60
795,48162,2,60
48161,16,2,60
990,48152,2,60
989,48152,2,60
48152,48086,2,60
48152,36757,2,60
48151,48121,2,60
48151,48098,2,60
48151,48097,2,60
48151,48096,2,60
48151,48089,2,60
48151,48088,2,60
48151,48087,2,60
48149,48148,2,60
48146,48145,2,60
48135,320,2,60
48130,1743,2,60
48128,30823,2,60
48121,48098,2,60
48121,48097,2,60
48121,48096,2,60
48121,48089,2,60
48121,48088,2,60
48121,48087,2,60
48102,48101,2,60
48098,48097,2,60
48098,48096,2,60
48098,48089,2,60
48098,48088,2,60
48098,48087,2,60
48097,48096,2,60
48097,48089,2,60
48097,48088,2,60
48097,48087,2,60
48096,48089,2,60
48096,48088,2,60
48096,48087,2,60
48095,10989,2,60
48094,48093,2,60
48089,48088,2,60
48089,48087,2,60
48088,48087,2,60
990,48086,2,60
989,48086,2,60
48086,36757,2,60
48085,48084,2,60
48083,48082,2,60
48081,48080,2,60
48077,48076,2,60
48075,48074,2,60
48073,48072,2,60
48071,48070,2,60
48069,48068,2,60
48065,222,2,60
48065,221,2,60
674,48060,2,60
48056,48055,2,60
48052,1106,2,60
48051,46722,2,60
48050,43121,2,60
48047,11797,2,60
32131,2993,2,240
32130,2993,2,240
32131,2992,2,240
32130,2992,2,240
32123,2982,2,120
32122,2982,2,120
2936,11305,2,120
2936,2935,2,120
30214,2829,2,180
30214,2828,2,180
30214,2826,2,180
46023,281,2,60
46022,281,2,60
46023,276,2,60
46022,276,2,60
30198,2702,2,120
30197,2702,2,120
30133,2702,2,120
30198,2701,2,60
30197,2701,2,60
30133,2701,2,60
30198,2700,2,120
30197,2700,2,120
30133,2700,2,120
32165,256,2,180
32164,256,2,180
46025,2230,2,180
46024,2230,2,180
35659,2230,2,360
32121,2230,2,240
32120,2230,2,360
46025,2226,2,180
46024,2226,2,180
35659,2226,2,360
32121,2226,2,240
32120,2226,2,360
46630,2213,2,300
46630,2212,2,300
32159,2088,2,60
32158,2088,2,60
32159,2087,2,60
32158,2087,2,60
35675,1971,2,120
35674,1971,2,120
35675,1970,2,120
35674,1970,2,120
46158,1955,2,120
46157,1955,2,120
46158,1954,2,120
46157,1954,2,120
32171,1940,2,60
32170,1940,2,60
32171,1939,2,60
32170,1939,2,60
45862,1892,2,180
45861,1892,2,180
45862,1889,2,180
45861,1889,2,180
1892,1889,2,120
30188,16,2,240
30187,16,2,240
46061,1515,2,180
46060,1515,2,180
46061,1513,2,180
46060,1513,2,180
50083,221,2,60
50070,50060,2,60
50070,48338,2,60
50070,3092,2,60
50070,3091,2,60
50064,2323,2,60
50064,2322,2,60
50060,48338,2,60
50060,3092,2,60
50060,3091,2,60
50059,46402,2,60
50058,50057,2,60
50025,50024,2,60
50023,50022,2,60
50023,48253,2,60
50023,48252,2,60
50023,33063,2,60
50023,33062,2,60
50022,48253,2,60
50022,48252,2,60
50022,33063,2,60
50022,33062,2,60
50019,2493,2,60
50018,3078,2,60
50017,50016,2,60
50017,42964,2,180
50017,2685,2,180
50016,42964,2,180
50016,2685,2,180
50015,47393,2,60
50015,45824,2,60
50012,50011,2,60
50010,50009,2,60
498,497,2,120
493,3331,2,120
491,490,2,120
48430,10298,2,60
48419,48418,2,60
48419,40254,2,60
48419,3111,2,60
48418,40254,2,60
48418,3111,2,60
48414,48413,2,60
48414,47065,2,60
48413,47065,2,60
48412,48411,2,60
48405,48404,2,60
48046,48045,2,60
48046,10475,2,60
48046,10474,2,60
48045,10475,2,60
48045,10474,2,60
48044,48043,2,60
48037,1160,2,60
48036,43313,2,60
48035,10047,2,60
48034,48033,2,60
48032,2253,2,60
48027,2617,2,60
48022,48021,2,60
47995,47994,2,60
47990,46690,2,60
47989,47988,2,60
816,47985,2,60
815,47985,2,60
47985,47585,2,60
47984,2055,2,60
47983,30520,2,60
47982,2071,2,60
47981,1385,2,60
47980,31048,2,60
47979,31045,2,60
47978,47977,2,60
47975,10913,2,60
47973,47972,2,60
81,47971,2,60
47962,1395,2,60
47956,41814,2,60
47956,2515,2,60
47956,2513,2,60
47956,2512,2,180
47956,10520,2,60
47947,47946,2,60
47945,46078,2,60
47944,47943,2,60
47936,47935,2,60
47934,12047,2,60
47933,32366,2,60
47932,47931,2,60
47922,47796,2,60
47922,1443,2,60
47917,47916,2,60
47911,11834,2,60
47880,47879,2,60
47875,47540,2,60
47874,47447,2,60
47874,2949,2,60
47873,36134,2,60
47872,35434,2,60
47871,1551,2,60
47871,1550,2,60
47871,11841,2,60
47868,40222,2,60
47868,40179,2,60
47868,40135,2,60
47866,1561,2,60
47864,47695,2,60
47863,37460,2,60
47863,3014,2,60
47863,10569,2,60
47857,1465,2,60
47855,47854,2,60
47851,10485,2,60
47851,10484,2,60
47850,47849,2,60
47847,2151,2,60
47842,47841,2,60
47840,47839,2,60
47838,47837,2,60
47834,1560,2,60
675,47816,2,60
47814,3475,2,60
47813,36156,2,60
47813,36146,2,60
47812,2878,2,60
47799,47798,2,60
47799,47797,2,60
47798,47797,2,60
47796,1443,2,60
47785,47784,2,60
844,47783,2,60
47781,1761,2,60
47779,46572,2,60
47778,1723,2,60
47774,2078,2,60
47772,36227,2,60
47771,47515,2,60
47770,2998,2,60
47690,36114,2,60
47686,2020,2,60
47673,34314,2,60
47672,11452,2,60
47670,47669,2,60
47667,43536,2,60
47664,47663,2,60
47661,47660,2,60
47661,1328,2,60
47661,1327,2,60
47660,1328,2,60
47660,1327,2,60
47657,30217,2,60
47657,1713,2,60
47656,47655,2,60
47654,296,2,60
47652,47651,2,60
47650,10441,2,60
47649,342,2,60
47647,39998,2,60
47647,36115,2,60
47647,36114,2,60
47645,46928,2,60
47645,1835,2,60
47644,1099,2,60
47637,47636,2,60
47625,47624,2,60
47623,46328,2,60
47623,46327,2,60
47622,47621,2,60
47620,47614,2,60
47600,38299,2,60
47600,11491,2,60
47600,11292,2,60
47600,11231,2,60
47600,10188,2,60
47600,10185,2,60
47599,2500,2,60
47599,2499,2,60
47595,3151,2,60
47595,30553,2,60
47587,30398,2,60
47587,1103,2,60
47587,1102,2,60
816,47585,2,60
815,47585,2,60
47582,47581,2,60
47573,47572,2,60
47570,30486,2,60
47568,45844,2,60
47567,31585,2,60
47566,2729,2,60
772,47565,2,60
47565,30391,2,60
47564,41514,2,60
47564,3028,2,60
47563,34674,2,60
47561,10518,2,60
47560,24,2,60
47559,11228,2,60
47558,47552,2,60
47551,2573,2,60
47550,46711,2,60
47549,42361,2,60
476,475,2,120
47547,43054,2,60
47546,43056,2,60
47544,375,2,60
47542,47541,2,60
47538,43018,2,60
47537,2241,2,60
47536,10223,2,60
30197,30133,2,60
30202,30103,2,60
30201,30103,2,60
30459,30101,2,120
30210,30093,2,240
30209,30093,2,240
32145,30083,2,120
32144,30083,2,120
30210,30070,2,240
30209,30070,2,240
30049,30048,2,120
48182,48089,2,60
48182,48088,2,60
48182,48087,2,60
620,48173,2,180
9,47535,2,60
47525,42957,2,60
47525,42956,2,60
47525,41834,2,60
47524,2776,2,60
47521,2169,2,60
47520,46198,2,60
641,47519,2,60
47518,47517,2,60
47513,11798,2,60
47512,1554,2,60
47511,36200,2,60
47510,47509,2,60
47508,40895,2,60
47506,47505,2,60
47504,35458,2,60
47503,185,2,60
47503,183,2,60
47502,2551,2,60
47498,47497,2,60
47496,47495,2,60
47496,19,2,60
47496,18,2,60
47495,19,2,60
47495,18,2,60
47494,47493,2,60
47492,12021,2,60
47491,43355,2,60
47490,47489,2,60
47488,47487,2,60
47484,1318,2,60
47483,47481,2,60
47480,40620,2,60
47479,11949,2,60
47478,47331,2,60
47473,45638,2,60
47473,37506,2,60
47473,2427,2,60
47473,12126,2,60
47471,47470,2,60
47469,42498,2,60
47468,47467,2,60
839,47466,2,60
47466,37616,2,60
47452,1477,2,60
47450,46397,2,60
47448,1916,2,60
47447,2949,2,60
47446,43614,2,60
47445,41738,2,60
47442,39940,2,60
47439,47438,2,60
47437,47433,2,60
47435,47434,2,60
581,47432,2,60
47432,47384,2,60
47430,47429,2,60
47427,41982,2,60
47426,42035,2,60
47424,39975,2,60
47424,39974,2,60
47422,42029,2,60
47421,36716,2,60
47420,36717,2,60
47419,36719,2,60
47418,42540,2,60
47418,39938,2,60
47418,39937,2,60
47414,2091,2,60
526,47413,2,60
47412,41855,2,60
47411,2106,2,60
47410,1272,2,60
47409,1967,2,60
47408,30036,2,60
47407,43647,2,60
47406,43645,2,60
47405,47404,2,60
47403,44381,2,60
47402,46659,2,60
47401,1753,2,60
47399,47019,2,60
47393,45824,2,60
47392,47391,2,60
47392,42752,2,180
47392,42751,2,180
47391,42752,2,180
47391,42751,2,180
47390,36152,2,60
47387,30031,2,60
47386,3070,2,60
47385,2824,2,60
581,47384,2,60
47383,31023,2,60
47382,47381,2,60
47382,36014,2,60
47381,36014,2,60
47380,1893,2,60
47379,1627,2,60
47374,47373,2,60
47370,2299,2,60
47369,11843,2,60
47368,1752,2,60
47364,47360,2,60
47364,36195,2,60
47363,423,2,60
47362,41680,2,60
47361,36467,2,60
47360,36195,2,60
47358,46138,2,60
47357,36211,2,60
47356,36214,2,60
47355,47354,2,60
47353,36221,2,60
47352,36238,2,60
47351,47350,2,60
47349,36255,2,60
47348,47347,2,60
474,473,2,120
47346,10994,2,60
47345,10997,2,60
47263,47154,2,60
47262,47261,2,60
47254,3044,2,60
47253,1812,2,60
47251,10144,2,60
47250,42103,2,60
47248,46458,2,60
988,47242,2,60
47241,47240,2,60
47238,34814,2,60
47237,46076,2,360
47237,31908,2,360
47237,2790,2,60
47236,39474,2,60
47236,37399,2,60
47236,3434,2,60
47236,32682,2,60
47236,30575,2,60
47236,30574,2,60
47236,30507,2,60
47236,30506,2,60
47236,1061,2,60
47236,1059,2,60
47236,10567,2,60
47236,10566,2,60
47236,10332,2,60
47236,10252,2,60
47235,39514,2,60
47234,33486,2,60
47233,11927,2,60
47232,46174,2,60
47232,46173,2,60
47232,31906,2,60
47231,45471,2,60
47229,47225,2,60
47228,230,2,60
47227,420,2,60
85,47226,2,60
47224,42545,2,60
47224,31764,2,60
47220,36274,2,60
47218,11717,2,60
47216,10352,2,60
47215,467,2,60
47214,11079,2,60
47213,40016,2,60
47208,47207,2,60
47205,47204,2,60
47203,47202,2,60
47201,41819,2,60
47201,11060,2,60
47197,10543,2,60
47196,1136,2,60
47195,47194,2,60
47193,383,2,60
810,47191,2,900
47191,36694,2,900
47190,47189,2,60
47188,10614,2,60
47187,1594,2,60
6,47186,2,60
5,47186,2,60
47186,3,2,60
47186,10526,2,60
47180,42019,2,60
47179,42017,2,60
47177,1342,2,60
47175,3251,2,60
47170,1140,2,60
47169,46429,2,60
47168,40255,2,60
47167,47166,2,60
47165,36198,2,60
47164,31905,2,60
47164,31904,2,60
47164,1180,2,60
47163,47159,2,60
47155,47154,2,60
47144,47007,2,60
47144,1078,2,60
47144,1075,2,60
47768,47767,2,60
47766,45428,2,60
47765,47764,2,60
47763,40434,2,60
47763,2640,2,60
47760,1874,2,60
47759,47758,2,60
47757,2142,2,60
47750,47749,2,60
47748,10012,2,60
47746,1043,2,60
47745,46524,2,60
47745,46523,2,60
47745,202,2,60
47744,387,2,60
47743,34653,2,60
47743,3038,2,60
47741,10435,2,60
47740,45401,2,60
47739,1547,2,60
47737,10571,2,60
47733,2886,2,60
47733,1207,2,180
47733,1206,2,180
47732,1265,2,60
47731,47452,2,60
47731,1477,2,60
47730,33989,2,60
47711,10984,2,60
47711,10983,2,60
47707,11038,2,60
478,47691,2,60
47690,47647,2,60
47690,39998,2,60
47690,36115,2,60
47142,47141,2,60
47138,47137,2,60
47135,1683,2,60
47130,30006,2,60
47130,12107,2,60
47121,47120,2,60
51,47119,2,60
50,47119,2,60
47119,47030,2,60
47118,46191,2,60
47118,46088,2,180
47118,44038,2,180
47118,39054,2,180
47118,35954,2,60
47118,35834,2,180
47118,34350,2,180
47118,32503,2,180
47118,32502,2,180
47118,2230,2,180
47118,2226,2,180
47118,2206,2,60
47112,3503,2,240
47112,1192,2,240
47112,1191,2,240
47110,46593,2,180
47110,35958,2,180
47110,35957,2,180
47110,35774,2,180
47110,2186,2,180
47110,2185,2,180
47110,11921,2,180
47110,10947,2,60
47110,10946,2,60
47110,10638,2,60
47110,10637,2,60
47103,1628,2,60
73,47102,2,60
47101,47087,2,60
47101,45469,2,60
47101,2465,2,60
47087,45469,2,60
47087,2465,2,60
47084,45822,2,60
47084,38834,2,60
47084,37408,2,60
47084,1892,2,60
47083,11997,2,60
47082,444,2,60
47081,47080,2,60
47072,39914,2,60
47061,47060,2,60
47059,47058,2,60
47031,43848,2,60
51,47030,2,60
50,47030,2,60
47008,227,2,60
47007,1078,2,60
47007,1075,2,60
47005,36999,2,60
47004,2982,2,60
47003,47002,2,60
47003,36995,2,60
47003,36994,2,60
47002,36995,2,60
47002,36994,2,60
47001,47000,2,60
46978,46977,2,60
542,46975,2,60
46974,46973,2,60
46972,46971,2,60
46962,46961,2,60
46962,46960,2,60
46962,39996,2,60
46962,37274,2,60
46962,37217,2,60
46962,37216,2,60
46962,37215,2,60
46962,37170,2,60
46962,37169,2,60
46961,46960,2,60
46961,39996,2,60
46961,37274,2,60
46961,37217,2,60
46961,37216,2,60
46961,37215,2,60
46961,37170,2,60
46961,37169,2,60
46960,39996,2,60
46960,37274,2,60
46960,37217,2,60
46960,37216,2,60
46960,37215,2,60
46960,37170,2,60
46960,37169,2,60
928,46958,2,60
46956,46389,2,60
46948,46947,2,60
46936,46935,2,60
46936,42157,2,120
46936,42155,2,240
46935,42157,2,120
46935,42155,2,240
46933,46932,2,60
46928,1835,2,60
46908,46907,2,60
46908,10372,2,60
46908,10371,2,60
46907,10372,2,60
46907,10371,2,60
46880,37903,2,60
46877,46876,2,60
46875,46874,2,60
46873,46872,2,60
46856,46855,2,60
46854,46853,2,60
46304,1768,2,60
46295,46294,2,60
504,46293,2,60
46292,343,2,60
46270,46269,2,60
46270,40115,2,180
46270,40036,2,180
46270,39976,2,60
46270,37301,2,180
46270,37295,2,180
46270,37275,2,60
46270,34416,2,60
46270,11315,2,60
46269,40115,2,180
46269,40036,2,180
46269,39976,2,60
46269,37301,2,180
46269,37295,2,180
46269,37275,2,60
46269,34416,2,60
46269,11315,2,60
46267,46266,2,60
46255,10166,2,60
46250,30069,2,60
46240,46239,2,60
46237,46236,2,60
46235,46234,2,60
46233,46232,2,60
46216,34087,2,180
46216,2478,2,60
46216,2477,2,60
484,46215,2,60
483,46215,2,60
482,46215,2,60
46215,42478,2,60
46212,40896,2,60
46205,46204,2,60
46202,2059,2,60
46201,44658,2,60
46191,46088,2,180
46191,44038,2,180
46191,39054,2,180
46191,35954,2,60
46191,35834,2,180
46191,34350,2,180
46191,32503,2,180
46191,32502,2,180
46191,2230,2,180
46191,2226,2,180
46191,2206,2,60
46190,46189,2,60
46186,46185,2,60
46184,46183,2,60
46182,46181,2,60
46180,39174,2,60
46176,43875,2,60
46175,46151,2,60
46174,46173,2,60
46174,31906,2,60
46173,31906,2,60
46172,46171,2,60
462,461,2,120
46140,46139,2,60
46132,46130,2,60
46132,46126,2,60
46132,46125,2,60
46132,46124,2,60
46132,46123,2,60
46132,46122,2,60
46132,46121,2,60
46132,46120,2,60
47344,46216,2,180
47344,34087,2,60
47344,2478,2,180
47344,2477,2,180
47343,10915,2,60
47342,35583,2,60
47341,10383,2,60
47339,45766,2,60
47339,45764,2,60
47337,3513,2,60
47336,47335,2,60
47334,47333,2,60
667,47327,2,60
47326,47008,2,60
47326,227,2,60
47286,47285,2,60
949,47283,2,60
47281,33525,2,60
47280,46707,2,60
47279,46441,2,60
47277,47276,2,60
47274,34456,2,60
47271,42709,2,60
47270,452,2,60
47269,37601,2,60
47268,449,2,60
56,47267,2,60
671,47266,2,60
47264,30443,2,60
47263,47155,2,60
46130,46126,2,60
46130,46125,2,60
46130,46124,2,60
46130,46123,2,60
46130,46122,2,60
46130,46121,2,60
46130,46120,2,60
46128,46127,2,60
46126,46125,2,60
46126,46124,2,60
46126,46123,2,60
46126,46122,2,60
46126,46121,2,60
46126,46120,2,60
46125,46124,2,60
46125,46123,2,60
46125,46122,2,60
46125,46121,2,60
46125,46120,2,60
46124,46123,2,60
46124,46122,2,60
46124,46121,2,60
46124,46120,2,60
46123,46122,2,60
46123,46121,2,60
46123,46120,2,60
46122,46121,2,60
46122,46120,2,60
46121,46120,2,60
46111,45435,2,60
46109,46108,2,60
46101,43343,2,60
46098,46097,2,60
46096,46095,2,60
46093,46092,2,60
46093,46091,2,60
46093,43031,2,60
46092,46091,2,60
46092,43031,2,60
46091,43031,2,60
46088,44038,2,60
46088,39054,2,60
46088,35954,2,180
46088,35834,2,60
46088,34350,2,60
46088,32503,2,60
46088,32502,2,60
46088,2230,2,60
46088,2226,2,60
46088,2206,2,180
46076,31908,2,60
46076,2790,2,360
46076,125,2,240
46076,124,2,300
46075,46074,2,60
46132,46067,2,360
46130,46067,2,360
46126,46067,2,360
46125,46067,2,360
46124,46067,2,360
46123,46067,2,360
46122,46067,2,360
46121,46067,2,360
46120,46067,2,360
46015,1797,2,60
46014,46013,2,60
46011,35934,2,60
46009,42286,2,60
46008,45018,2,60
46004,46003,2,60
801,46000,2,60
46000,10502,2,60
46000,10501,2,60
45980,235,2,60
45970,45963,2,60
45969,45964,2,60
460,459,2,120
45912,2559,2,60
45896,45895,2,60
45896,2610,2,60
45896,2609,2,60
45895,2610,2,60
45895,2609,2,60
45891,43514,2,60
45891,30545,2,60
45888,45887,2,60
45888,3058,2,60
45888,3057,2,60
45887,3058,2,60
45887,3057,2,60
933,45886,2,60
932,45886,2,60
45886,45885,2,60
933,45885,2,60
932,45885,2,60
45857,45856,2,60
45855,45854,2,60
45853,45852,2,60
45853,11096,2,60
45853,11095,2,60
45852,11096,2,60
45852,11095,2,60
45851,2441,2,60
45842,45817,2,60
45842,11875,2,60
45840,45833,2,60
45838,1716,2,60
45838,1715,2,60
43917,39941,2,60
43917,39920,2,60
43917,39919,2,60
43915,11856,2,60
43880,1476,2,60
43880,1475,2,60
43855,43854,2,60
43838,43836,2,300
43838,43835,2,300
43836,43835,2,60
43755,43754,2,60
43737,43736,2,60
43737,42575,2,60
43737,42574,2,60
43737,37439,2,240
43737,37438,2,240
43736,42575,2,60
43736,42574,2,60
43736,37439,2,240
43736,37438,2,240
43734,10264,2,60
43716,43715,2,60
43677,43676,2,60
43661,43659,2,60
43661,10729,2,60
43661,10728,2,60
43659,10729,2,60
43659,10728,2,60
43651,43650,2,60
43649,1975,2,60
43649,1974,2,60
43648,3104,2,60
43644,37350,2,60
43641,43640,2,60
43639,43638,2,60
43637,43636,2,60
43634,2796,2,60
43634,12178,2,60
43634,12109,2,60
43574,101,2,60
43557,1718,2,60
43557,1717,2,60
43555,43554,2,60
43535,43534,2,60
43514,30545,2,60
435,11810,2,180
43495,43494,2,60
43478,37098,2,60
43477,43476,2,60
43477,43475,2,60
43476,43475,2,60
43454,10199,2,60
43454,10198,2,60
435,434,2,60
43435,43434,2,60
43421,43420,2,60
43421,148,2,60
43420,148,2,60
434,11810,2,180
43395,43394,2,60
43374,42354,2,60
43356,1046,2,60
43310,43309,2,60
43307,1321,2,60
43307,1320,2,60
43305,42024,2,60
43305,3001,2,60
43304,43303,2,60
43301,43300,2,60
43299,43298,2,60
43274,352,2,60
43274,351,2,60
43274,11223,2,60
43274,10568,2,60
599,43226,2,60
43226,43225,2,60
43226,43224,2,60
43226,10945,2,60
599,43225,2,60
46807,30505,2,60
46807,30504,2,60
46792,2688,2,60
46783,46782,2,60
46783,46009,2,60
46783,42286,2,60
46782,46009,2,60
46782,42286,2,60
46770,46188,2,60
46762,10845,2,60
46762,10844,2,60
46735,2708,2,60
46735,2707,2,60
46735,2705,2,60
46725,46724,2,60
46721,46718,2,60
46705,2715,2,60
46705,10515,2,60
46703,2854,2,60
46703,2853,2,60
46688,2402,2,60
46685,46684,2,60
46683,46681,2,60
46675,46368,2,60
46664,46132,2,420
46664,46130,2,420
46664,46126,2,420
46664,46125,2,420
46664,46124,2,420
46664,46123,2,420
46664,46122,2,420
46664,46121,2,420
46664,46120,2,420
46664,46067,2,60
46662,46661,2,60
46645,46644,2,240
46645,435,2,60
46645,434,2,60
46645,11810,2,180
46644,435,2,240
46644,434,2,240
46644,11810,2,180
46645,46642,2,180
46644,46642,2,60
46642,435,2,180
46642,434,2,180
46642,11810,2,180
466,10906,2,120
46593,35958,2,60
46593,35957,2,60
46593,35774,2,60
46593,2186,2,60
46593,2185,2,60
46593,11921,2,60
46593,10947,2,180
46593,10946,2,180
46593,10638,2,180
46593,10637,2,180
46569,42954,2,180
46569,1179,2,120
46552,46551,2,60
46536,46535,2,60
46524,46523,2,60
46524,202,2,60
46523,202,2,60
46518,10359,2,60
46498,46497,2,60
46496,46495,2,60
46471,44382,2,60
46440,43435,2,60
46440,43434,2,60
46439,46438,2,60
46437,3020,2,60
46436,46435,2,60
46436,362,2,60
46436,12264,2,60
46435,362,2,60
46435,12264,2,60
46433,46432,2,60
46431,46430,2,60
46427,46426,2,60
46425,46424,2,60
46422,32962,2,60
46422,1095,2,60
46422,1089,2,60
46422,1087,2,60
46420,46419,2,60
46420,10165,2,60
46419,10165,2,60
46418,46417,2,60
46416,46415,2,60
46414,46413,2,60
46412,46411,2,60
46410,46409,2,60
46408,46407,2,60
46406,46405,2,60
46404,46403,2,60
46396,46395,2,60
46392,46391,2,60
46388,46387,2,60
46386,46385,2,60
46380,46379,2,60
46378,46377,2,60
46376,46375,2,60
46374,46373,2,60
46372,46371,2,60
46370,46369,2,60
46367,1260,2,60
46366,1482,2,60
46364,46331,2,60
46360,46359,2,60
46358,46357,2,60
46355,46354,2,60
46353,46352,2,60
46351,46350,2,60
46349,46348,2,60
46347,46346,2,60
464,463,2,120
46345,46344,2,60
46343,46342,2,60
46341,46340,2,60
46339,46338,2,60
46337,46336,2,60
46328,46327,2,60
46322,46321,2,60
46318,1029,2,60
46315,46314,2,60
46311,11753,2,60
46310,46190,2,60
46310,46189,2,60
46309,46308,2,60
46307,46289,2,60
46304,1769,2,60
43225,43224,2,60
43225,10945,2,60
599,43224,2,60
43224,10945,2,60
43218,1070,2,60
43215,43214,2,60
43124,43123,2,60
43120,43119,2,60
43120,42616,2,180
43119,42616,2,180
43118,43117,2,60
43114,2359,2,120
43114,2358,2,120
43035,43034,2,60
43030,43029,2,60
43030,43028,2,120
43030,43027,2,120
43029,43028,2,120
43029,43027,2,120
43028,43027,2,60
43026,43025,2,60
64,43024,2,60
43022,43021,2,60
43022,10084,2,60
43021,10084,2,60
43015,43014,2,60
43015,11338,2,60
43015,11337,2,60
43014,11338,2,60
43014,11337,2,60
42994,1809,2,60
42964,2685,2,60
42959,42958,2,60
42959,2686,2,60
42958,2686,2,60
42957,42956,2,60
42957,41834,2,60
42956,41834,2,60
42954,1179,2,180
42914,42794,2,60
42896,12051,2,60
42752,42751,2,60
42752,2608,2,180
42752,2607,2,180
42751,2608,2,180
42751,2607,2,180
428,427,2,120
42715,3473,2,60
42712,42711,2,60
42708,34414,2,60
70,42679,2,60
42677,33909,2,60
42664,42663,2,60
42664,42662,2,60
42664,42661,2,60
42663,42662,2,60
42663,42661,2,60
42662,42661,2,60
42615,42614,2,60
42575,42574,2,60
42575,37439,2,240
42575,37438,2,240
42574,37439,2,240
42574,37438,2,240
42562,42561,2,60
42560,42559,2,60
42558,42557,2,60
42549,42548,2,60
42546,1097,2,60
42545,31764,2,60
426,425,2,120
42540,39938,2,60
42540,39937,2,60
42538,2725,2,60
42538,2724,2,60
42534,11088,2,60
42517,42516,2,60
42515,42514,2,60
42480,39274,2,60
484,42478,2,60
483,42478,2,60
482,42478,2,60
42476,42475,2,60
42474,10740,2,60
42436,11364,2,60
750,42434,2,60
42379,42378,2,60
42377,42376,2,60
42374,1467,2,60
42363,42362,2,60
42319,42318,2,60
42289,42288,2,60
42285,42284,2,60
42283,42282,2,60
42281,42280,2,60
42279,2813,2,60
42279,2812,2,60
42278,42277,2,60
42236,42235,2,60
42236,42214,2,60
42236,41995,2,60
42236,41994,2,60
42236,3378,2,60
42235,42214,2,60
42235,41995,2,60
42235,41994,2,60
42235,3378,2,60
42214,41995,2,60
42214,41994,2,60
42214,3378,2,60
42157,42155,2,180
42061,42060,2,60
42059,42058,2,60
42054,1782,2,540
42054,1781,2,540
40179,40135,2,60
40175,40174,2,60
40115,40036,2,60
40115,39976,2,180
40115,37301,2,60
40115,37295,2,60
40115,37275,2,180
40115,34416,2,180
40115,11315,2,180
40114,39960,2,60
40036,39976,2,180
40036,37301,2,60
40036,37295,2,60
40036,37275,2,180
40036,34416,2,180
40036,11315,2,180
40035,40034,2,60
40014,39895,2,60
40014,39894,2,60
39998,36115,2,60
39998,36114,2,60
39996,37274,2,60
39996,37217,2,60
39996,37216,2,60
39996,37215,2,60
39996,37170,2,60
39996,37169,2,60
39976,37301,2,180
39976,37295,2,180
39976,37275,2,60
39976,34416,2,60
39976,11315,2,60
39975,39974,2,60
39959,1687,2,60
39956,39955,2,60
39954,39953,2,60
39950,39949,2,60
39948,39947,2,60
39942,39941,2,60
39942,39920,2,60
39942,39919,2,60
39941,39920,2,60
39941,39919,2,60
400,399,2,120
39938,39937,2,60
39936,10797,2,60
39921,1489,2,60
39920,39919,2,60
39918,1996,2,60
39917,39534,2,60
39898,3466,2,60
39895,39894,2,60
398,397,2,120
39675,39674,2,60
39614,2009,2,60
39614,2008,2,60
39614,12287,2,60
39578,39577,2,60
39576,10552,2,60
39575,11017,2,60
396,395,2,120
39474,37399,2,60
39474,3434,2,60
39474,32682,2,60
39474,30575,2,60
39474,30574,2,60
39474,30507,2,60
39474,30506,2,60
39474,1061,2,60
39474,1059,2,60
39474,10567,2,60
39474,10566,2,60
39474,10332,2,60
39474,10252,2,60
40,39,2,120
394,393,2,120
39338,30527,2,60
39337,39336,2,60
45467,39215,2,120
45466,39215,2,120
39215,39214,2,60
45837,45836,2,60
45835,45834,2,60
45822,38834,2,60
45822,37408,2,60
45822,1892,2,60
45819,3410,2,60
45817,11875,2,60
45809,45434,2,60
45807,1452,2,60
45806,45805,2,60
45806,11879,2,60
45806,11878,2,60
45805,11879,2,60
45805,11878,2,60
45804,33947,2,60
45804,33845,2,60
45804,11392,2,60
45804,11323,2,60
45804,11322,2,60
45804,11321,2,60
45803,43422,2,60
45798,45797,2,60
45798,36895,2,60
45798,36894,2,60
45797,36895,2,60
45797,36894,2,60
45796,31504,2,60
45796,2471,2,180
45796,2470,2,180
45791,2556,2,60
45790,45789,2,60
45790,41295,2,180
45790,2721,2,180
45790,2720,2,180
45790,2719,2,180
45789,41295,2,180
45789,2721,2,180
45789,2720,2,180
45789,2719,2,180
45787,12076,2,60
45779,45778,2,60
45774,45773,2,60
45774,45769,2,60
45774,45768,2,60
45774,45767,2,60
45773,45769,2,60
45773,45768,2,60
45773,45767,2,60
45769,45768,2,60
45769,45767,2,60
45768,45767,2,60
45766,45764,2,60
45720,45719,2,60
45640,40674,2,60
45640,2814,2,60
45638,37506,2,60
45638,2427,2,60
45638,12126,2,60
45485,45484,2,60
45483,45482,2,60
45481,45480,2,60
45477,45476,2,60
45475,45474,2,60
45473,45472,2,60
45469,2465,2,60
45467,45466,2,60
45465,45464,2,60
45463,45462,2,60
45461,45460,2,60
45459,45458,2,60
45457,45456,2,60
45455,45454,2,60
45453,45452,2,60
45451,45450,2,60
45447,45446,2,60
45445,45444,2,60
45443,45442,2,60
45441,45440,2,60
45439,45438,2,60
45432,45431,2,60
45430,45429,2,60
45425,45424,2,60
45423,45422,2,60
45421,45420,2,60
45419,45418,2,60
45378,43838,2,120
45378,43836,2,300
45378,43835,2,300
45359,45358,2,60
454,453,2,120
45282,45281,2,60
45280,45279,2,60
45041,10972,2,60
45001,33429,2,60
45001,2306,2,60
45001,2305,2,60
44978,43215,2,60
44978,43214,2,60
44838,11240,2,60
44838,10329,2,60
44799,44798,2,60
44759,44758,2,60
44678,42682,2,60
44618,44279,2,60
44618,44278,2,60
44598,33685,2,60
44598,11518,2,60
44558,44538,2,60
44418,10490,2,60
44358,38296,2,60
44322,44321,2,60
44279,44278,2,60
44058,3330,2,60
441,440,2,120
44038,39054,2,60
44038,35954,2,180
44038,35834,2,60
44038,34350,2,60
44038,32503,2,60
44038,32502,2,60
44038,2230,2,60
44038,2226,2,60
44038,2206,2,180
44018,2993,2,60
44018,2992,2,60
43999,40714,2,60
43944,11721,2,60
43937,43936,2,60
43934,1178,2,60
43917,39942,2,60
45467,39214,2,120
45466,39214,2,120
392,391,2,120
39135,39134,2,60
39106,30418,2,60
39095,39094,2,60
39054,35954,2,180
39054,35834,2,60
39054,34350,2,60
39054,32503,2,60
39054,32502,2,60
39054,2230,2,60
39054,2226,2,60
39054,2206,2,180
39037,2350,2,60
39035,39034,2,60
39014,30225,2,60
39014,2369,2,60
39014,2367,2,60
39014,2364,2,60
39014,11544,2,60
39014,11058,2,60
390,389,2,120
38897,12267,2,60
38834,37408,2,60
38834,1892,2,60
38797,2133,2,60
38795,2772,2,60
38795,2771,2,60
386,385,2,120
38374,30266,2,60
38358,30257,2,60
38358,2614,2,60
38358,2613,2,60
38299,11491,2,60
38299,11292,2,60
38299,11231,2,60
38299,10188,2,60
38299,10185,2,60
38295,38294,2,60
38295,11029,2,60
38294,11029,2,60
38237,38236,2,60
38026,38025,2,60
37980,3346,2,60
37980,10585,2,60
37895,1399,2,60
37847,34535,2,60
37847,34434,2,60
37847,34433,2,60
37839,34544,2,60
379,378,2,120
37835,35483,2,60
37825,2785,2,60
37825,2783,2,60
37765,37764,2,60
37735,37499,2,60
37686,37685,2,60
37675,37674,2,60
839,37616,2,60
37597,37596,2,60
37506,2427,2,60
37506,12126,2,60
37498,12182,2,60
37492,37491,2,60
37488,37487,2,60
37460,3014,2,60
37460,10569,2,60
37447,2026,2,60
37445,1015,2,60
37439,37438,2,60
37408,1892,2,60
37399,3434,2,60
37399,32682,2,60
37399,30575,2,60
37399,30574,2,60
37399,30507,2,60
37399,30506,2,60
37399,1061,2,60
37399,1059,2,60
37399,10567,2,60
37399,10566,2,60
37399,10332,2,60
37399,10252,2,60
37301,37295,2,60
37301,37275,2,180
37301,34416,2,180
37301,11315,2,180
37295,37275,2,180
37295,34416,2,180
37295,11315,2,180
37275,34416,2,60
37275,11315,2,60
37274,37217,2,60
37274,37216,2,60
37274,37215,2,60
37274,37170,2,60
37274,37169,2,60
373,372,2,120
37217,37216,2,60
37217,37215,2,60
36247,36246,2,60
36245,36244,2,60
36243,36242,2,60
36237,36236,2,60
36235,36234,2,60
36233,36232,2,60
36231,36230,2,60
36225,36224,2,60
36223,36222,2,60
36219,36218,2,60
36213,36212,2,60
362,12264,2,120
36209,36208,2,60
36207,36206,2,60
36197,36196,2,60
36176,36175,2,60
36176,30231,2,60
36176,30230,2,60
36176,30229,2,60
36176,11729,2,60
36175,30231,2,60
36175,30230,2,60
36175,30229,2,60
36175,11729,2,60
36160,36143,2,60
36159,36144,2,60
36158,36145,2,60
36156,36146,2,60
36155,36147,2,60
36151,36150,2,60
36138,3202,2,60
36137,3197,2,60
36115,36114,2,60
36095,36094,2,60
36056,36055,2,60
36035,290,2,60
36001,36000,2,60
6,3,2,120
35999,35998,2,60
35997,35996,2,60
35995,35994,2,60
35983,35982,2,60
35981,35980,2,60
35979,35978,2,60
35977,35976,2,60
35975,35974,2,60
35958,35957,2,60
35958,35774,2,60
35958,2186,2,60
35958,2185,2,60
35958,11921,2,60
35957,35774,2,60
35957,2186,2,60
35957,2185,2,60
35957,11921,2,60
35956,35955,2,60
35956,2189,2,60
35956,2187,2,60
35955,2189,2,60
35955,2187,2,60
35954,2206,2,180
35834,34350,2,60
35834,32503,2,60
35834,32502,2,60
35834,2230,2,60
35834,2226,2,60
35818,35817,2,60
35795,35794,2,60
818,35776,2,300
817,35776,2,300
35776,35775,2,60
818,35775,2,300
817,35775,2,300
35774,2186,2,60
35774,2185,2,60
35774,11921,2,60
35585,35584,2,60
356,355,2,120
35478,35461,2,60
35477,35476,2,60
35477,1766,2,60
35477,1765,2,60
35476,1766,2,60
35476,1765,2,60
35474,2906,2,60
35460,35459,2,60
42054,12124,2,60
42033,2042,2,60
42033,2041,2,60
42027,42026,2,60
42024,3001,2,60
42023,269,2,60
42023,268,2,60
42023,10239,2,60
41995,41994,2,60
41995,3378,2,60
41994,3378,2,60
58,41980,2,60
41979,41978,2,60
41975,41974,2,60
41975,11751,2,60
41975,11750,2,60
41974,11751,2,60
41974,11750,2,60
41895,41894,2,60
41857,41856,2,60
41819,11060,2,60
41818,37054,2,60
41814,2515,2,60
41814,2513,2,60
41814,2512,2,180
41814,10520,2,60
41778,368,2,60
41778,367,2,60
41758,11099,2,60
41753,1586,2,60
41737,33782,2,60
41737,33780,2,60
41737,33779,2,60
41737,33778,2,60
41737,33777,2,60
41737,33775,2,60
41737,33773,2,60
41737,33770,2,60
41737,33769,2,60
41737,33767,2,60
41736,41735,2,60
41736,41734,2,60
41736,34005,2,60
41736,30137,2,60
41736,30136,2,60
41736,30093,2,60
41736,30070,2,60
41736,12275,2,60
41736,12273,2,60
41736,12272,2,60
41736,12266,2,60
41736,12265,2,60
41736,12120,2,60
41736,12045,2,60
41736,1012,2,60
41735,41734,2,60
41735,34005,2,60
41735,30137,2,60
41735,30136,2,60
41735,30093,2,60
41735,30070,2,60
41735,12275,2,60
41735,12273,2,60
41735,12272,2,60
41735,12266,2,60
41735,12265,2,60
41735,12120,2,60
41735,12045,2,60
41735,1012,2,60
41734,34005,2,60
41734,30137,2,60
41734,30136,2,60
41734,30093,2,60
41734,30070,2,60
41734,12275,2,60
41734,12273,2,60
41734,12272,2,60
41734,12266,2,60
41734,12265,2,60
41734,12120,2,60
41734,12045,2,60
41734,1012,2,60
41657,41656,2,60
41655,41654,2,60
41514,3028,2,60
41295,2721,2,60
41295,2720,2,60
41295,2719,2,60
41235,41234,2,60
41235,3137,2,60
41235,3136,2,60
41235,30493,2,60
41235,30488,2,60
41234,3137,2,60
41234,3136,2,60
41234,30493,2,60
41234,30488,2,60
41214,41101,2,60
41154,32446,2,60
41115,3133,2,60
41100,10976,2,60
41097,41096,2,60
41095,41094,2,60
41077,41076,2,60
41075,41074,2,60
41065,41064,2,60
41056,41055,2,60
411,410,2,120
41020,10408,2,60
41017,41016,2,60
41015,41014,2,60
40914,10599,2,60
40857,40856,2,60
40847,11862,2,60
40846,36938,2,60
40796,1144,2,60
40796,1143,2,60
682,40715,2,60
40674,2814,2,60
40625,40624,2,60
40622,34897,2,60
40621,38754,2,60
40618,31202,2,60
40618,2793,2,60
40614,36356,2,60
40536,11975,2,60
40536,11974,2,60
40535,40534,2,60
405,30239,2,120
405,404,2,120
40434,2640,2,60
404,30239,2,120
534,40314,2,60
533,40314,2,60
40254,3111,2,60
40236,34294,2,60
40236,34293,2,60
40236,2801,2,60
40222,40179,2,60
40222,40135,2,60
40195,40194,2,60
35456,35455,2,60
35437,35436,2,60
35437,34816,2,60
35437,34813,2,60
35436,34816,2,60
35436,34813,2,60
35360,10245,2,60
35335,35334,2,60
35257,35256,2,60
352,11223,2,120
352,10568,2,120
3517,2328,2,180
3517,2327,2,180
3517,3516,2,120
3516,2328,2,180
3516,2327,2,180
3515,3514,2,120
35135,35134,2,60
352,351,2,120
351,11223,2,120
351,10568,2,120
3508,10082,2,120
3508,10081,2,120
5,3,2,120
3500,3499,2,120
3498,3497,2,120
3508,3493,2,120
3493,10082,2,120
3493,10081,2,120
3487,3486,2,120
3485,3484,2,120
34816,34813,2,60
3478,3477,2,120
34713,12233,2,60
34657,34656,2,60
34655,34654,2,60
34653,3038,2,60
34634,34633,2,60
34614,34613,2,60
34614,34554,2,60
34614,34392,2,60
34613,34554,2,60
34613,34392,2,60
34593,34410,2,60
34554,34392,2,60
34536,34394,2,60
34535,34434,2,60
34535,34433,2,60
34534,34533,2,60
34460,2838,2,60
34459,34458,2,60
34455,34454,2,60
34435,33725,2,60
34434,34433,2,60
3443,3442,2,120
34417,1817,2,60
34417,1815,2,60
34416,11315,2,60
34412,34411,2,60
3441,3440,2,120
34350,32503,2,180
34350,32502,2,180
34350,2230,2,180
34350,2226,2,180
3434,30575,2,120
3434,30574,2,120
3434,30507,2,120
3434,30506,2,120
3434,10567,2,120
3434,10566,2,120
3434,10332,2,120
3434,10252,2,120
34294,34293,2,60
34294,2801,2,60
34293,2801,2,60
34292,34291,2,60
3427,3426,2,120
34238,34237,2,60
34235,34234,2,60
34233,34232,2,60
34231,1470,2,60
34231,1469,2,60
34214,34213,2,60
34212,34211,2,60
34151,1270,2,60
34150,3370,2,60
3414,3413,2,120
3412,3411,2,120
34113,34112,2,60
34111,34110,2,60
454,34109,2,60
453,34109,2,60
34109,34107,2,60
454,34107,2,60
453,34107,2,60
33780,33770,2,60
33780,33769,2,60
33780,33767,2,60
33779,33778,2,60
33779,33777,2,60
33779,33775,2,60
33779,33773,2,60
33779,33770,2,60
33779,33769,2,60
33779,33767,2,60
33778,33777,2,60
33778,33775,2,60
33778,33773,2,60
33778,33770,2,60
33778,33769,2,60
33778,33767,2,60
33777,33775,2,60
33777,33773,2,60
33777,33770,2,60
33777,33769,2,60
33777,33767,2,60
33775,33773,2,60
33775,33770,2,60
33775,33769,2,60
33775,33767,2,60
33773,33770,2,60
33773,33769,2,60
33773,33767,2,60
33770,33769,2,60
33770,33767,2,60
33769,33767,2,60
338,337,2,120
33685,11518,2,120
35585,3364,2,240
35584,3364,2,240
3364,11226,2,120
3364,10966,2,120
914,33565,2,60
33545,10697,2,60
33545,10696,2,60
336,335,2,120
620,3352,2,240
619,3352,2,240
3346,10585,2,120
33432,33431,2,60
33432,2095,2,60
33432,2093,2,60
33431,2095,2,60
33431,2093,2,60
33429,2306,2,60
33429,2305,2,60
3343,3342,2,120
334,10999,2,120
334,10964,2,120
34,33,2,120
334,333,2,120
333,10999,2,120
333,10964,2,120
33305,33304,2,60
33289,33288,2,60
33285,33284,2,60
3327,3326,2,120
3325,12199,2,180
3325,3324,2,120
3324,12199,2,180
3322,3321,2,120
3317,3316,2,120
33127,187,2,120
37217,37170,2,60
37217,37169,2,60
37216,37215,2,60
37216,37170,2,60
37216,37169,2,60
37215,37170,2,60
37215,37169,2,60
37199,37198,2,60
37196,1932,2,60
37195,37194,2,60
37195,36514,2,60
37195,106,2,60
37194,36514,2,60
37194,106,2,60
37179,286,2,60
37179,285,2,60
37171,10934,2,60
37171,10933,2,60
37170,37169,2,60
37157,37156,2,60
37075,37074,2,60
37056,12063,2,60
37055,12061,2,60
37036,37035,2,60
37036,36955,2,60
37036,2712,2,60
37036,2711,2,60
37036,10802,2,60
37036,10478,2,60
37035,36955,2,60
37035,2712,2,60
37035,2711,2,60
37035,10802,2,60
37035,10478,2,60
36995,36994,2,60
36955,2712,2,60
36955,2711,2,60
36955,10802,2,60
36955,10478,2,60
36895,36894,2,60
36879,36878,2,60
36877,36876,2,60
36875,36874,2,60
36834,36814,2,60
36797,36796,2,60
990,36757,2,60
989,36757,2,60
36754,30261,2,60
368,367,2,120
36695,1437,2,60
810,36694,2,60
44818,36694,2,900
36634,35594,2,60
366,365,2,120
36535,36534,2,60
36514,106,2,60
36459,36458,2,60
36457,36204,2,60
36455,36454,2,60
364,363,2,120
36331,36330,2,60
36329,36328,2,60
36323,36322,2,60
36321,36320,2,60
36319,36318,2,60
36272,36271,2,60
36266,36265,2,60
36262,36261,2,60
36260,36259,2,60
36254,36253,2,60
33126,33125,2,120
33124,11355,2,120
33063,33062,2,120
3305,30000,2,120
33046,33045,2,120
33044,33043,2,120
33011,1426,2,120
33011,1424,2,120
3301,3300,2,120
3299,3298,2,120
32962,1095,2,120
32962,1089,2,120
32962,1087,2,120
32942,31582,2,120
32942,2074,2,120
32942,2073,2,120
3289,3288,2,120
3287,3286,2,120
329,328,2,120
32782,31402,2,120
32744,32743,2,120
32744,30056,2,120
32744,10326,2,120
32743,30056,2,120
32743,10326,2,120
32722,200,2,120
32722,199,2,120
3434,32682,2,120
32682,30575,2,120
32682,30574,2,120
32682,30507,2,120
32682,30506,2,120
32682,1061,2,120
32682,1059,2,120
32682,10567,2,120
32682,10566,2,120
32682,10332,2,120
32682,10252,2,120
32648,1312,2,120
32647,32646,2,120
32643,32642,2,120
3259,3258,2,120
3255,3254,2,120
325,30397,2,120
3253,3252,2,120
325,10942,2,120
32503,32502,2,180
32503,2230,2,180
32503,2226,2,180
32502,2230,2,180
32502,2226,2,180
32482,32404,2,120
32482,1253,2,120
32482,1252,2,120
32482,1248,2,120
32482,12314,2,120
32445,30380,2,120
32444,31403,2,120
32444,30547,2,120
32404,1253,2,120
32404,1252,2,120
32404,1248,2,120
32404,12314,2,120
32364,32363,2,120
32344,32343,2,120
32344,1269,2,120
32344,1268,2,120
32343,1269,2,120
32343,1268,2,120
981,32342,2,120
980,32342,2,120
325,323,2,120
323,30397,2,120
323,10942,2,120
32303,32302,2,120
944,32299,2,120
32296,32295,2,120
32292,32291,2,120
32288,32287,2,120
32263,30377,2,120
32245,32244,2,120
32205,32204,2,120
32203,32202,2,120
322,321,2,120
3208,3207,2,120
31983,31982,2,120
31908,125,2,240
31908,124,2,300
31905,31904,2,120
31863,31862,2,120
3178,3177,2,120
3176,3175,2,120
318,317,2,120
3168,3167,2,120
31623,31622,2,120
31584,31583,2,120
3156,30083,2,120
3151,30553,2,120
31504,2471,2,240
31504,2470,2,240
31503,31502,2,120
3149,3148,2,120
3145,3144,2,120
3137,30493,2,120
3137,30488,2,120
3137,3136,2,120
3136,30493,2,120
3136,30488,2,120
3135,3134,2,120
3132,3131,2,120
3130,3129,2,120
31303,31284,2,120
31302,31283,2,120
3125,3124,2,120
3123,3122,2,120
3120,3119,2,120
3118,3117,2,120
312,311,2,120
3,10526,2,120
31686,31049,2,120
2490,2487,2,120
2488,2487,2,120
30041,2486,2,120
2483,2482,2,120
2480,2479,2,120
34087,2478,2,240
34087,2477,2,240
2478,2477,2,120
2471,2470,2,120
2448,2447,2,120
2446,2445,2,120
45419,244,2,180
45418,244,2,180
2438,2437,2,120
2431,2430,2,120
2427,12126,2,120
2426,2425,2,120
2422,2421,2,120
242,241,2,120
31503,2411,2,120
31502,2411,2,120
31503,2410,2,120
31502,2410,2,120
2411,2410,2,120
2409,2408,2,120
2407,2406,2,120
2404,2403,2,120
2397,2396,2,120
240,239,2,120
2388,2385,2,120
2388,2384,2,120
2385,2384,2,120
30225,2369,2,120
2369,11544,2,120
2369,11058,2,120
30225,2367,2,120
2369,2367,2,120
2367,11544,2,120
2367,11058,2,120
30225,2364,2,120
2369,2364,2,120
2367,2364,2,120
2364,11544,2,120
2364,11058,2,120
2359,2358,2,120
2345,10565,2,120
2345,2344,2,120
2344,10565,2,120
2336,2335,2,120
2334,2333,2,120
2330,2329,2,120
2328,2327,2,120
2323,2322,2,120
2319,2318,2,120
2308,2307,2,120
2306,2305,2,120
2298,2297,2,120
2294,10171,2,120
2260,2259,2,120
2258,2257,2,120
2256,2255,2,120
2238,2237,2,240
2236,2235,2,120
224,223,2,120
2233,2232,2,120
2230,2226,2,180
2213,2212,2,120
222,221,2,120
31623,2196,2,120
31622,2196,2,120
31623,2195,2,120
31622,2195,2,120
2196,2195,2,120
220,219,2,120
2191,2190,2,120
2189,2187,2,180
2186,11921,2,180
2186,2185,2,180
2185,11921,2,180
2171,2170,2,120
2167,2166,2,120
2157,12105,2,120
2157,2156,2,120
2156,12105,2,120
3402,3401,2,120
34005,30137,2,60
34005,30136,2,60
34005,30093,2,60
34005,30070,2,60
34005,12275,2,60
34005,12273,2,60
34005,12272,2,60
34005,12266,2,60
34005,12265,2,60
34005,12120,2,60
34005,12045,2,60
34005,1012,2,60
3400,3399,2,120
3398,10898,2,120
33947,33845,2,120
33947,11392,2,120
33947,11323,2,120
33947,11322,2,120
33947,11321,2,120
33945,3325,2,60
33945,3324,2,60
33945,12199,2,180
340,339,2,120
33905,12297,2,60
3389,3388,2,120
33845,11392,2,120
33845,11323,2,120
33845,11322,2,120
33845,11321,2,120
3382,3381,2,120
33782,33780,2,60
33782,33779,2,60
33782,33778,2,60
33782,33777,2,60
33782,33775,2,60
33782,33773,2,60
33782,33770,2,60
33782,33769,2,60
33782,33767,2,60
33780,33779,2,60
33780,33778,2,60
33780,33777,2,60
33780,33775,2,60
33780,33773,2,60
216,215,2,120
2150,2149,2,120
2148,2147,2,120
3380,2146,2,120
2141,2140,2,120
214,213,2,120
2130,2129,2,120
35585,2118,2,240
35584,2118,2,240
3364,2118,2,120
2118,11226,2,120
2118,10966,2,120
2114,2113,2,120
212,211,2,120
31883,2111,2,120
2110,2109,2,120
2105,2104,2,120
2103,2102,2,120
2101,2100,2,120
2097,2096,2,120
2095,2093,2,120
210,209,2,120
2088,2087,2,120
2086,2085,2,120
2084,2083,2,120
2082,2081,2,120
2080,2079,2,120
31582,2074,2,120
31582,2073,2,120
2074,2073,2,120
2066,2065,2,120
2064,2063,2,120
2062,2061,2,120
2058,2057,2,120
2054,2053,2,120
2052,2051,2,120
2050,2049,2,120
2048,2047,2,120
2042,2041,2,120
2037,2036,2,120
2028,2027,2,120
2024,2023,2,120
21,20,2,120
2019,2018,2,120
2011,2010,2,120
2009,12287,2,120
2009,2008,2,120
2008,12287,2,120
2005,10089,2,120
200,199,2,120
1989,1988,2,120
1987,10041,2,120
1987,10040,2,120
1987,1986,2,120
1986,10041,2,120
1986,10040,2,120
1977,1976,2,120
1975,1974,2,120
197,10590,2,120
1971,1970,2,120
1968,10594,2,120
1959,1958,2,120
1957,1956,2,120
1955,1954,2,120
1953,10309,2,120
1953,10308,2,120
1953,1952,2,120
1952,10309,2,120
1952,10308,2,120
196,195,2,120
1951,1950,2,120
1942,1941,2,120
1940,1939,2,120
1938,1937,2,120
1924,1923,2,120
1922,1921,2,120
1918,1917,2,120
192,191,2,120
1908,1907,2,120
1906,1905,2,120
1902,1901,2,120
190,11528,2,120
1896,1895,2,120
1886,1885,2,120
1878,1877,2,120
1876,1875,2,120
1867,1866,2,120
1865,1864,2,120
1846,1845,2,120
1843,1842,2,120
185,183,2,120
1826,1825,2,120
1823,1822,2,120
1821,1820,2,120
19,18,2,120
1817,1815,2,120
1805,1804,2,120
1803,1802,2,120
1799,1798,2,120
1795,1794,2,120
180,179,2,120
1787,1786,2,120
1782,12124,2,540
1782,1781,2,60
1781,12124,2,540
1778,1777,2,120
1776,1775,2,120
1771,1770,2,120
1769,1768,2,120
1766,1765,2,120
1764,1763,2,120
1760,1759,2,120
1756,1755,2,120
1750,1749,2,120
1747,1746,2,120
1745,1744,2,120
1741,1740,2,120
1735,1734,2,120
1731,1730,2,120
1729,1728,2,120
1727,1726,2,120
1721,1720,2,120
1718,1717,2,120
1716,1715,2,120
30217,1713,2,120
1704,1703,2,120
1702,1701,2,120
1697,1696,2,120
1512,1508,2,120
1511,1508,2,120
1509,1508,2,120
1515,1507,2,120
1513,1507,2,120
1512,1507,2,120
1511,1507,2,120
1509,1507,2,120
1508,1507,2,120
1515,1505,2,120
1513,1505,2,120
1512,1505,2,120
1511,1505,2,120
1509,1505,2,120
1508,1505,2,120
1507,1505,2,120
1494,11330,2,120
1494,1493,2,120
1493,11330,2,120
1492,1491,2,120
1480,1479,2,120
1476,1475,2,120
1474,1473,2,60
1472,1471,2,120
1470,1469,2,120
1464,1463,2,120
147,146,2,120
1462,1461,2,120
1460,1459,2,120
1456,1455,2,120
1450,1449,2,120
1448,1447,2,120
1446,1445,2,120
1442,1441,2,120
1440,1439,2,120
1436,1435,2,120
1434,1433,2,120
1432,1431,2,120
1430,1429,2,120
1426,1424,2,120
143,142,2,120
1421,1420,2,120
1419,1418,2,120
1419,1417,2,120
1418,1417,2,120
1419,1416,2,120
1418,1416,2,120
1417,1416,2,120
1415,1414,2,120
1413,1412,2,120
1406,1405,2,120
1404,1403,2,120
30028,140,2,120
1402,1401,2,120
1397,1396,2,120
30166,1393,2,120
1389,1388,2,120
1383,1382,2,120
1376,1375,2,120
1376,1374,2,120
1375,1374,2,120
1364,1363,2,120
1362,1361,2,120
1358,1357,2,120
1354,1353,2,120
1350,1349,2,120
1344,1343,2,120
1339,1338,2,120
1334,1333,2,120
1332,1331,2,120
1328,1327,2,120
1321,1320,2,120
1317,1316,2,120
1315,1314,2,120
134,131,2,120
1306,1305,2,120
1304,1303,2,120
134,130,2,120
131,130,2,120
1298,11415,2,120
1296,1295,2,120
1294,11268,2,120
1294,1293,2,120
1293,11268,2,120
1290,1289,2,120
310,11390,2,120
3101,3100,2,120
3092,3091,2,120
3088,3087,2,180
307,306,2,120
30575,30574,2,120
3058,3057,2,120
30573,30572,2,120
31403,30547,2,120
30533,30532,2,120
30529,30528,2,120
43356,30514,2,240
30514,1046,2,240
30575,30507,2,120
30574,30507,2,120
30575,30506,2,120
30574,30506,2,120
30507,30506,2,120
30505,30504,2,120
30493,30488,2,120
3047,3046,2,120
30450,30449,2,120
30578,30430,2,120
30554,30424,2,120
30556,30423,2,120
30559,30417,2,120
30558,30416,2,120
30407,30406,2,120
3040,30164,2,120
30390,30389,2,120
30388,30387,2,120
3035,10607,2,120
3035,3034,2,120
3034,10607,2,120
3032,3031,2,120
30282,30281,2,120
30280,30278,2,120
30274,30273,2,120
3027,3026,2,120
30252,30249,2,120
3025,3024,2,120
3025,3023,2,120
3024,3023,2,120
30231,30230,2,120
30231,30229,2,120
30230,30229,2,120
30137,30093,2,120
30136,30093,2,120
30137,30070,2,120
30136,30070,2,120
30093,30070,2,120
30541,3005,2,120
30045,30044,2,120
30541,3004,2,120
3005,3004,2,120
30034,30033,2,120
30541,3003,2,120
3005,3003,2,120
3004,3003,2,120
31688,30027,2,120
30019,30018,2,120
30017,30016,2,120
31688,30001,2,120
30027,30001,2,120
2995,2994,2,120
2993,2992,2,60
2988,2987,2,120
2985,10547,2,120
2984,2983,2,120
2978,2975,2,120
2961,2960,2,120
2959,2958,2,120
2956,2955,2,120
2954,2953,2,120
2948,2947,2,120
2941,2940,2,120
2939,2937,2,120
2935,11305,2,120
2934,2933,2,120
30,29,2,120
2928,2927,2,120
2924,2923,2,120
2924,2922,2,120
2923,2922,2,120
2924,2921,2,120
2923,2921,2,120
2922,2921,2,120
2919,2918,2,120
2917,2916,2,120
2903,2902,2,120
2899,2898,2,120
2897,2896,2,120
2891,2890,2,120
2883,2882,2,120
2881,2880,2,120
288,287,2,120
3336,2869,2,120
3336,2868,2,120
2869,2868,2,120
2854,2853,2,120
286,285,2,120
2836,2835,2,120
2829,2828,2,120
2829,2826,2,120
2828,2826,2,120
2813,2812,2,120
2808,2666,2,240
2807,2806,2,120
2803,2802,2,120
2796,12178,2,120
2796,12109,2,120
2795,2794,2,120
31202,2793,2,120
31908,2790,2,360
2787,2786,2,120
2785,2783,2,120
2778,2777,2,120
2772,2771,2,120
3398,2768,2,120
2768,10898,2,120
3398,2767,2,120
2768,2767,2,120
2767,10898,2,120
281,276,2,180
2760,2759,2,120
2756,12139,2,120
3343,2754,2,120
3342,2754,2,120
3343,2753,2,120
3342,2753,2,120
2754,2753,2,120
2745,2744,2,120
2743,2742,2,120
2733,2732,2,120
2725,2724,2,120
2721,2720,2,120
2721,2719,2,120
2720,2719,2,120
2715,10515,2,120
2712,10802,2,120
2712,10478,2,120
2712,2711,2,120
2711,10802,2,120
2711,10478,2,120
2710,2709,2,120
2708,2707,2,120
2708,2705,2,120
2707,2705,2,120
2702,10068,2,180
2702,2701,2,180
2701,10068,2,180
2702,2700,2,180
2701,2700,2,180
2700,10068,2,180
2695,2694,2,120
269,10239,2,120
2690,2689,2,120
269,268,2,120
2683,2682,2,120
268,10239,2,120
2669,2668,2,120
2664,2663,2,120
267,266,2,120
2660,2659,2,120
2653,2652,2,120
2650,2649,2,120
2647,2646,2,120
2639,2638,2,120
2616,2615,2,120
30257,2614,2,120
30257,2613,2,120
2614,2613,2,120
2610,2609,2,120
2608,2607,2,120
2604,2603,2,120
2600,2599,2,120
2595,2594,2,120
2584,2583,2,120
2580,2579,2,120
256,11713,2,120
255,10150,2,120
2549,10888,2,120
2545,2543,2,120
2545,2542,2,120
2543,2542,2,120
2545,2541,2,120
2543,2541,2,120
2542,2541,2,120
2537,12268,2,120
2537,2531,2,120
2531,12268,2,120
2526,2521,2,180
2526,2520,2,180
2521,2520,2,120
2526,2519,2,180
2521,2519,2,120
2520,2519,2,120
2515,10520,2,120
2515,2513,2,120
2513,10520,2,120
2515,2512,2,180
2513,2512,2,180
2512,10520,2,180
2507,10855,2,300
2507,10854,2,300
2507,2506,2,120
2506,10855,2,300
2506,10854,2,300
30683,250,2,120
2500,2499,2,120
2496,10889,2,120
2496,2495,2,120
2495,10889,2,120
2496,2494,2,120
2495,2494,2,120
2494,10889,2,120
2491,2490,2,120
2491,2488,2,120
2490,2488,2,120
2491,2487,2,120
1284,1283,2,120
129,128,2,120
1276,1275,2,120
1274,1273,2,120
1269,1268,2,120
1266,10861,2,120
1253,12314,2,120
1253,1252,2,120
1252,12314,2,120
1253,1248,2,120
1252,1248,2,120
1248,12314,2,120
125,124,2,120
1238,1237,2,120
1236,1235,2,120
30137,12275,2,120
30136,12275,2,120
30093,12275,2,120
30070,12275,2,120
30137,12273,2,120
30136,12273,2,120
30093,12273,2,120
30070,12273,2,120
12275,12273,2,120
30137,12272,2,120
30136,12272,2,120
30093,12272,2,120
30070,12272,2,120
12275,12272,2,120
12273,12272,2,120
30137,12266,2,120
30136,12266,2,120
30093,12266,2,120
30070,12266,2,120
12275,12266,2,120
12273,12266,2,120
12272,12266,2,120
30137,12265,2,120
30136,12265,2,120
30093,12265,2,120
30070,12265,2,120
12275,12265,2,120
12273,12265,2,120
12272,12265,2,120
12266,12265,2,120
12239,12238,2,120
30219,12236,2,120
30219,12235,2,120
12236,12235,2,120
1224,1223,2,120
12232,12231,2,120
31043,12229,2,120
12221,12219,2,120
123,122,2,120
31043,12211,2,120
1221,11972,2,120
12229,12211,2,120
12191,12190,2,120
12189,12188,2,120
12185,12184,2,120
1219,1218,2,120
12181,12180,2,120
12163,12162,2,120
12130,12129,2,120
1213,1212,2,120
30137,12120,2,120
30136,12120,2,120
30093,12120,2,120
30070,12120,2,120
12275,12120,2,120
12273,12120,2,120
12272,12120,2,120
12266,12120,2,120
12265,12120,2,120
12111,12110,2,120
12178,12109,2,120
30006,12107,2,120
1211,1210,2,120
1209,1208,2,120
12079,12078,2,120
2886,1207,2,240
2886,1206,2,240
1207,1206,2,120
30137,12045,2,120
30136,12045,2,120
30093,12045,2,120
30070,12045,2,120
12275,12045,2,120
12273,12045,2,120
12272,12045,2,120
12266,12045,2,120
12265,12045,2,120
12120,12045,2,120
12042,12041,2,120
12039,12038,2,120
12037,12036,2,120
12028,12027,2,120
12026,12025,2,120
2,1,2,120
11988,11987,2,120
11975,11974,2,120
11938,11937,2,120
11933,11932,2,120
11926,11925,2,120
3503,1192,2,300
3503,1191,2,300
11516,11515,2,120
11503,11502,2,120
11501,11500,2,120
11436,11435,2,120
1144,1143,2,120
11431,11430,2,120
11427,11426,2,120
11421,11420,2,120
1142,1141,2,120
11411,11410,2,120
11397,11396,2,120
11375,11374,2,120
1138,1137,2,120
11361,11360,2,120
11338,11337,2,120
11336,11335,2,120
1134,1133,2,120
11332,11331,2,120
11392,11323,2,120
11392,11322,2,120
11323,11322,2,120
11392,11321,2,120
11323,11321,2,120
11322,11321,2,120
11318,11317,2,120
11491,11292,2,120
11837,11287,2,120
11836,11287,2,120
11837,11286,2,120
11836,11286,2,120
11287,11286,2,120
11285,11284,2,120
11278,11277,2,120
11276,11275,2,120
11274,11273,2,120
1126,1125,2,120
11715,11247,2,120
11239,11238,2,120
11233,11232,2,120
11491,11231,2,120
11292,11231,2,120
35585,11226,2,240
35584,11226,2,240
1122,1121,2,120
11210,11209,2,120
1122,1120,2,120
1121,1120,2,120
11195,11194,2,120
1113,1112,2,120
11113,11112,2,120
11111,11110,2,120
11096,11095,2,120
11090,11089,2,120
11073,11072,2,120
30225,11058,2,120
11544,11058,2,120
11037,11036,2,120
30398,1103,2,120
11033,11032,2,120
11031,11030,2,120
30398,1102,2,120
1103,1102,2,120
111,110,2,120
30256,11006,2,120
1101,1100,2,120
10996,10995,2,120
10984,10983,2,120
10974,10973,2,120
35585,10966,2,240
3018,3017,2,120
3016,3015,2,120
3014,10569,2,120
30137,30136,2,120
43356,3011,2,240
30514,3011,2,120
3011,1046,2,240
1695,1694,2,120
1693,1692,2,120
1689,1688,2,120
1686,1685,2,120
1680,1679,2,120
47341,1677,2,600
30514,1677,2,900
3011,1677,2,900
1677,10383,2,600
47341,1676,2,600
30514,1676,2,900
3011,1676,2,900
1677,1676,2,120
1676,10383,2,600
1675,1674,2,120
1675,1673,2,120
1674,1673,2,120
1672,1671,2,120
1668,1667,2,120
1664,1663,2,120
1661,1660,2,120
1659,1658,2,120
1657,1656,2,120
1655,1654,2,120
1651,1650,2,120
1647,1646,2,120
1643,1642,2,120
1641,1640,2,120
1639,1638,2,120
1637,1636,2,120
1635,1634,2,120
1633,1632,2,120
1631,1630,2,120
1625,1624,2,120
31686,1623,2,120
31049,1623,2,120
31686,1622,2,120
31049,1622,2,120
1623,1622,2,120
1619,1618,2,120
1617,1616,2,120
1615,1614,2,120
1613,1612,2,120
1611,1610,2,120
1609,1608,2,120
1605,1604,2,120
1603,1602,2,120
1596,1595,2,120
1591,1590,2,120
1577,1576,2,120
1575,1574,2,120
1573,1572,2,120
1567,1566,2,120
1551,11841,2,120
1551,1550,2,120
1550,11841,2,120
1549,1548,2,120
1545,1544,2,120
1543,1542,2,120
1535,10907,2,120
1534,1533,2,120
1532,1531,2,120
1528,1527,2,120
1525,1524,2,120
1523,1522,2,120
1521,1520,2,120
1519,1518,2,120
1515,1513,2,120
1515,1512,2,120
1513,1512,2,120
1515,1511,2,120
1513,1511,2,120
1512,1511,2,120
1515,1509,2,120
1513,1509,2,120
1512,1509,2,120
1511,1509,2,120
1515,1508,2,120
1513,1508,2,120
35584,10966,2,240
11226,10966,2,120
10999,10964,2,120
35958,10947,2,360
35957,10947,2,360
35774,10947,2,360
2186,10947,2,360
2185,10947,2,360
11921,10947,2,360
35958,10946,2,360
35957,10946,2,360
35774,10946,2,360
2186,10946,2,360
2185,10946,2,360
11921,10946,2,360
10947,10946,2,120
30397,10942,2,120
10934,10933,2,120
11412,10919,2,120
10917,10916,2,120
10911,10910,2,120
10903,10902,2,120
10901,10900,2,120
10897,10896,2,120
10895,10894,2,120
10893,10892,2,120
1095,1089,2,120
10891,10890,2,120
1095,1087,2,60
1089,1087,2,60
10855,10854,2,120
10845,10844,2,120
1085,1084,2,120
109,108,2,120
1078,1075,2,120
10738,10737,2,120
10729,10728,2,120
10706,10705,2,120
10697,10696,2,120
10688,10687,2,120
10686,10685,2,120
10684,10683,2,120
1069,1068,2,120
10677,10676,2,120
1067,1066,2,120
3317,1065,2,120
3316,1065,2,120
3317,1064,2,120
3316,1064,2,120
10643,10642,2,120
1065,1064,2,120
35958,10638,2,360
35957,10638,2,360
35774,10638,2,360
2186,10638,2,360
2185,10638,2,360
11921,10638,2,360
10947,10638,2,120
10946,10638,2,120
35958,10637,2,360
35957,10637,2,360
35774,10637,2,360
2186,10637,2,360
2185,10637,2,360
11921,10637,2,360
10947,10637,2,120
10946,10637,2,120
10638,10637,2,120
1063,1062,2,120
3434,1061,2,120
30575,1061,2,120
30574,1061,2,120
30507,1061,2,120
30506,1061,2,120
1061,10567,2,120
1061,10566,2,120
1061,10332,2,120
1061,10252,2,120
11389,10606,2,120
10601,10600,2,120
3434,1059,2,120
30575,1059,2,120
30574,1059,2,120
30507,1059,2,120
30506,1059,2,120
1061,1059,2,120
1059,10567,2,120
1059,10566,2,120
1059,10332,2,120
1059,10252,2,120
11223,10568,2,120
30575,10567,2,120
30574,10567,2,120
30507,10567,2,120
30506,10567,2,120
30575,10566,2,120
30574,10566,2,120
30507,10566,2,120
30506,10566,2,120
10567,10566,2,120
10533,10532,2,120
10531,10530,2,120
10529,10528,2,120
11279,10525,2,120
11279,10524,2,120
10525,10524,2,120
10502,10501,2,120
10497,10496,2,120
1039,1038,2,120
10372,10371,2,120
10370,10369,2,120
10368,10367,2,120
10366,10365,2,120
10364,10363,2,120
10362,10361,2,120
10351,10350,2,120
10340,10339,2,120
10335,10334,2,120
30575,10332,2,120
30574,10332,2,120
30507,10332,2,120
30506,10332,2,120
10567,10332,2,120
10566,10332,2,120
11215,10331,2,120
11240,10329,2,120
10328,10327,2,120
30056,10326,2,120
10324,10323,2,120
10315,10314,2,120
30309,10311,2,120
10309,10308,2,120
11222,10304,2,120
10281,10280,2,120
10279,10278,2,120
10277,10276,2,120
1027,1026,2,120
10260,10259,2,120
30575,10252,2,120
30574,10252,2,120
30507,10252,2,120
30506,10252,2,120
10567,10252,2,120
10566,10252,2,120
10332,10252,2,120
11222,10247,2,120
10304,10247,2,120
10244,10243,2,120
1025,1024,2,120
10237,10236,2,120
10229,10228,2,120
10221,10220,2,120
1022,1021,2,120
10205,10204,2,120
10203,10202,2,120
10201,10200,2,120
10199,10198,2,120
10197,10196,2,120
30029,10190,2,120
11491,10188,2,120
11292,10188,2,120
11231,10188,2,120
11491,10185,2,120
11292,10185,2,120
11231,10185,2,120
10188,10185,2,120
1019,1018,2,120
10176,10175,2,120
31688,10158,2,120
30027,10158,2,120
30001,10158,2,120
10156,10155,2,120
10148,10147,2,120
10146,10145,2,120
10140,10139,2,120
11501,10130,2,120
11500,10130,2,120
11501,10129,2,120
11500,10129,2,120
10130,10129,2,120
30137,1012,2,120
30136,1012,2,120
30093,1012,2,120
1192,1191,2,180
30057,11898,2,120
11893,11891,2,120
11883,11882,2,120
11881,11880,2,120
11879,11878,2,120
12203,11877,2,120
11861,11860,2,120
11859,11858,2,120
11845,11844,2,120
11839,11838,2,120
11837,11836,2,120
31905,1180,2,120
31904,1180,2,120
11804,11803,2,120
11761,11760,2,120
12230,11759,2,120
11751,11750,2,120
11748,11747,2,120
11746,11745,2,120
11744,11743,2,120
30231,11729,2,120
30230,11729,2,120
30229,11729,2,120
11629,11628,2,120
117,116,2,120
1162,1161,2,120
1158,1157,2,120
1156,1155,2,120
30225,11544,2,120
1154,1153,2,60
30070,1012,2,120
12275,1012,2,120
12273,1012,2,120
12272,1012,2,120
12266,1012,2,120
12265,1012,2,120
12120,1012,2,120
12045,1012,2,120
10302,10119,2,120
10082,10081,2,120
10076,10075,2,120
10052,10051,2,120
10046,10045,2,120
10041,10040,2,120
10039,10038,2,120
10035,10034,2,120
10033,10032,2,120
10029,10028,2,120
10026,10025,2,120
10018,10017,2,120
1002,1001,2,120
10007,10006,2,120
10489,10488,2,120
10487,10486,2,120
10485,10484,2,120
10802,10478,2,120
39037,10477,2,180
2350,10477,2,180
39037,10476,2,180
2350,10476,2,180
10477,10476,2,120
10475,10474,2,120
10460,10459,2,120
10458,10457,2,120
10451,10450,2,120
11726,10449,2,120
10448,10447,2,120
10446,10445,2,120
10443,10442,2,120
1045,1044,2,120
10699,10437,2,120
10406,10405,2,120
10402,10401,2,120
1041,1040,2,120
10394,10393,2,120
